K,Balanced,#Exec,PPV_S,PPV_NS,TPR_S,TPR_NS,F1_S,F1_NS,SUP_S,SUP_NS,TN,FP,FN,TP,Acc,AUC0,AUC1
3,1,0,0.6058394160583942,0.6176470588235294,0.6569920844327177,0.5645161290322581,0.6303797468354431,0.5898876404494383,379,372,210,162,130,249,0.611185086551265,0.6107541067324879,0.610754106732488
3,1,1,0.6093366093366094,0.625,0.6578249336870027,0.5748663101604278,0.6326530612244898,0.5988857938718664,377,374,215,159,129,248,0.6165113182423435,0.6163456219237152,0.6163456219237152
3,1,2,0.6049382716049383,0.6358381502890174,0.660377358490566,0.5789473684210527,0.6314432989690721,0.6060606060606061,371,380,220,160,126,245,0.6191744340878829,0.6196623634558094,0.6196623634558094
3,1,3,0.5935960591133005,0.6405797101449275,0.6602739726027397,0.572538860103627,0.6251621271076524,0.6046511627906976,365,386,221,165,124,241,0.6151797603195739,0.6164064163531834,0.6164064163531834
3,1,4,0.5847665847665847,0.6191860465116279,0.6449864498644986,0.5575916230366492,0.6134020618556699,0.5867768595041322,369,382,213,169,131,238,0.6005326231691078,0.601289036450574,0.6012890364505739
3,1,5,0.6370757180156658,0.6277173913043478,0.6404199475065617,0.6243243243243243,0.6387434554973822,0.6260162601626016,381,370,231,139,137,244,0.6324900133155792,0.6323721359154431,0.6323721359154431
3,1,6,0.6130653266331658,0.6260623229461756,0.648936170212766,0.5893333333333334,0.6304909560723514,0.6071428571428571,376,375,221,154,132,244,0.6191744340878829,0.6191347517730497,0.6191347517730497
3,1,7,0.5955334987593052,0.5948275862068966,0.6299212598425197,0.5594594594594594,0.6122448979591836,0.5766016713091922,381,370,207,163,141,240,0.5952063914780293,0.5946903596509896,0.5946903596509895
3,1,8,0.618798955613577,0.6222826086956522,0.6303191489361702,0.6106666666666667,0.624505928853755,0.6164199192462989,376,375,229,146,139,237,0.6205059920106525,0.6204929078014184,0.6204929078014184
3,1,9,0.6183574879227053,0.6498516320474778,0.6844919786096256,0.5809018567639257,0.649746192893401,0.6134453781512605,374,377,219,158,118,256,0.6324900133155792,0.6326969176867756,0.6326969176867758
3,1,10,0.6059113300492611,0.6376811594202898,0.6630727762803235,0.5789473684210527,0.6332046332046332,0.6068965517241379,371,380,220,160,125,246,0.6205059920106525,0.6210100723506881,0.6210100723506881
3,1,11,0.6214833759590793,0.6277777777777778,0.6445623342175066,0.6042780748663101,0.6328125,0.6158038147138964,377,374,226,148,134,243,0.6245006657789614,0.6244202045419084,0.6244202045419084
3,1,12,0.6243781094527363,0.6475644699140402,0.6711229946524064,0.5994694960212201,0.6469072164948454,0.6225895316804407,374,377,226,151,123,251,0.6351531291611185,0.6352962453368133,0.6352962453368133
3,1,13,0.6095238095238096,0.6132930513595166,0.6666666666666666,0.553133514986376,0.63681592039801,0.5816618911174785,384,367,203,164,128,256,0.611185086551265,0.6099000908265213,0.6099000908265214
3,1,14,0.6361323155216285,0.6340782122905028,0.6561679790026247,0.6135135135135135,0.6459948320413437,0.6236263736263735,381,370,227,143,131,250,0.6351531291611185,0.6348407462580691,0.6348407462580691
3,1,15,0.6155778894472361,0.6345609065155807,0.6550802139037433,0.5941644562334217,0.6347150259067358,0.6136986301369862,374,377,224,153,129,245,0.6245006657789614,0.6246223350685824,0.6246223350685826
3,1,16,0.6246913580246913,0.6502890173410405,0.6764705882352942,0.596816976127321,0.6495507060333762,0.6224066390041495,374,377,225,152,121,253,0.6364846870838882,0.6366437821813076,0.6366437821813076
3,1,17,0.6425,0.6410256410256411,0.6710182767624021,0.6114130434782609,0.6564495530012772,0.6258692628650904,383,368,225,143,126,257,0.6418109187749668,0.6412156601203315,0.6412156601203315
3,1,18,0.5952941176470589,0.6319018404907976,0.67828418230563,0.544973544973545,0.6340852130325815,0.5852272727272727,373,378,206,172,120,253,0.611185086551265,0.6116288636395875,0.6116288636395876
3,1,19,0.630272952853598,0.6408045977011494,0.6701846965699209,0.5994623655913979,0.6496163682864451,0.6194444444444445,379,372,223,149,125,254,0.6351531291611185,0.6348235310806593,0.6348235310806594
3,1,20,0.5959079283887468,0.5805555555555556,0.6067708333333334,0.5694822888283378,0.6012903225806452,0.5749656121045392,384,367,209,158,151,233,0.5885486018641811,0.5881265610808357,0.5881265610808355
3,1,21,0.5948717948717949,0.6177285318559557,0.6270270270270271,0.5853018372703412,0.6105263157894737,0.601078167115903,370,381,223,158,138,232,0.6058588548601864,0.6061644321486841,0.6061644321486842
3,1,22,0.5926829268292683,0.6070381231671554,0.6445623342175066,0.553475935828877,0.6175349428208385,0.579020979020979,377,374,207,167,134,243,0.5992010652463382,0.5990191350231918,0.5990191350231918
3,1,23,0.591743119266055,0.6253968253968254,0.6861702127659575,0.5253333333333333,0.6354679802955666,0.5710144927536231,376,375,197,178,118,258,0.6058588548601864,0.6057517730496453,0.6057517730496453
3,1,24,0.6071428571428571,0.6211699164345403,0.6363636363636364,0.5915119363395226,0.6214099216710183,0.6059782608695653,374,377,223,154,136,238,0.6138482023968043,0.6139377863515794,0.6139377863515795
3,1,25,0.628992628992629,0.6511627906976745,0.6808510638297872,0.5973333333333334,0.6538952745849298,0.6230876216968011,376,375,224,151,120,256,0.6391478029294274,0.6390921985815602,0.6390921985815603
3,1,26,0.599502487562189,0.6189111747851003,0.6443850267379679,0.5729442970822282,0.6211340206185566,0.5950413223140496,374,377,216,161,133,241,0.6085219707057257,0.6086646619100979,0.608664661910098
3,1,27,0.6292428198433421,0.6304347826086957,0.6392572944297082,0.6203208556149733,0.6342105263157894,0.6253369272237197,377,374,232,142,136,241,0.62982689747004,0.6297890750223408,0.6297890750223407
3,1,28,0.5980861244019139,0.6276276276276276,0.6684491978609626,0.5543766578249337,0.6313131313131313,0.5887323943661973,374,377,209,168,124,250,0.611185086551265,0.6114129278429481,0.6114129278429481
3,1,29,0.6093366093366094,0.6511627906976745,0.6739130434782609,0.5848563968668408,0.64,0.6162310866574966,368,383,224,159,120,248,0.6284953395472703,0.6293847201725509,0.6293847201725509
3,1,30,0.6445012787723785,0.6333333333333333,0.65625,0.6212534059945504,0.6503225806451612,0.6272352132049519,384,367,228,139,132,252,0.6391478029294274,0.6387517029972752,0.6387517029972751
3,1,31,0.6298076923076923,0.6805970149253732,0.7100271002710027,0.5968586387434555,0.6675159235668789,0.6359832635983264,369,382,228,154,107,262,0.6524633821571239,0.6534428695072292,0.6534428695072292
3,1,32,0.5928571428571429,0.5891238670694864,0.6467532467532467,0.5327868852459017,0.6186335403726708,0.5595408895265424,385,366,195,171,136,249,0.5912117177097204,0.5897700659995742,0.5897700659995742
3,1,33,0.6313253012048192,0.6458333333333334,0.6876640419947506,0.5864864864864865,0.6582914572864321,0.6147308781869688,381,370,217,153,119,262,0.6378162450066578,0.6370752642406186,0.6370752642406186
3,1,34,0.5950617283950618,0.6098265895953757,0.6409574468085106,0.5626666666666666,0.6171574903969271,0.5852981969486823,376,375,211,164,135,241,0.6018641810918774,0.6018120567375886,0.6018120567375886
3,1,35,0.6290322580645161,0.6121372031662269,0.6141732283464567,0.6270270270270271,0.6215139442231076,0.6194926568758344,381,370,232,138,147,234,0.6205059920106525,0.6206001276867419,0.6206001276867419
3,1,36,0.6111111111111112,0.6498516320474778,0.6819407008086253,0.5763157894736842,0.6445859872611466,0.6108786610878661,371,380,219,161,118,253,0.6284953395472703,0.6291282451411548,0.6291282451411548
3,1,37,0.610126582278481,0.6292134831460674,0.646112600536193,0.5925925925925926,0.6276041666666667,0.6103542234332425,373,378,224,154,132,241,0.6191744340878829,0.6193525965643928,0.6193525965643928
3,1,38,0.6058394160583942,0.6176470588235294,0.6569920844327177,0.5645161290322581,0.6303797468354431,0.5898876404494383,379,372,210,162,130,249,0.611185086551265,0.6107541067324879,0.610754106732488
3,1,39,0.5772946859903382,0.5964391691394659,0.6373333333333333,0.5345744680851063,0.6058301647655261,0.5638148667601682,375,376,201,175,136,239,0.5858854860186418,0.5859539007092198,0.5859539007092198
3,1,40,0.6579634464751958,0.6385869565217391,0.6545454545454545,0.6420765027322405,0.65625,0.6403269754768393,385,366,235,131,133,252,0.6484687083888149,0.6483109786388475,0.6483109786388476
3,1,41,0.5985401459854015,0.6176470588235294,0.6542553191489362,0.56,0.625158831003812,0.5874125874125875,376,375,210,165,130,246,0.607190412782956,0.6071276595744681,0.6071276595744681
3,1,42,0.6073170731707317,0.6392961876832844,0.6693548387096774,0.575197889182058,0.6368286445012787,0.6055555555555555,372,379,218,161,123,249,0.6218375499334221,0.6222763639458677,0.6222763639458677
3,1,43,0.5815085158150851,0.6235294117647059,0.6512261580381471,0.5520833333333334,0.6143958868894601,0.585635359116022,367,384,212,172,128,239,0.6005326231691078,0.6016547456857402,0.6016547456857402
3,1,44,0.6028708133971292,0.6306306306306306,0.672,0.5585106382978723,0.6355611601513241,0.5923836389280677,375,376,210,166,123,252,0.6151797603195739,0.6152553191489363,0.6152553191489362
3,1,45,0.612987012987013,0.6120218579234973,0.6243386243386243,0.6005361930294906,0.618610747051114,0.6062246278755075,378,373,224,149,142,236,0.6125166444740346,0.6124374086840574,0.6124374086840575
3,1,46,0.6074074074074074,0.630057803468208,0.6577540106951871,0.5782493368700266,0.631578947368421,0.603042876901798,374,377,218,159,128,246,0.6178428761651131,0.6180016737826068,0.6180016737826068
3,1,47,0.5919395465994962,0.596045197740113,0.6216931216931217,0.5656836461126006,0.6064516129032258,0.5804676753782669,378,373,211,162,143,235,0.5938748335552596,0.593688383902861,0.5936883839028612
3,1,48,0.6106870229007634,0.6061452513966481,0.6299212598425197,0.5864864864864865,0.62015503875969,0.5961538461538461,381,370,217,153,141,240,0.6085219707057257,0.6082038731645031,0.6082038731645031
3,1,49,0.6074766355140186,0.6346749226006192,0.6878306878306878,0.5495978552278821,0.6451612903225806,0.589080459770115,378,373,205,168,118,260,0.6191744340878829,0.6187142715292848,0.618714271529285
3,1,50,0.5905882352941176,0.6257668711656442,0.6729222520107239,0.5396825396825397,0.6290726817042606,0.5795454545454546,373,378,204,174,122,251,0.6058588548601864,0.6063023958466318,0.6063023958466317
3,1,51,0.6225,0.6524216524216524,0.6711590296495957,0.6026315789473684,0.6459143968871596,0.6265389876880985,371,380,229,151,122,249,0.6364846870838882,0.6368953042984821,0.6368953042984821
3,1,52,0.6019417475728155,0.6460176991150443,0.6739130434782609,0.5718015665796344,0.6358974358974357,0.6066481994459834,368,383,219,164,120,248,0.6218375499334221,0.6228573050289476,0.6228573050289478
3,1,53,0.6078431372549019,0.6209912536443148,0.656084656084656,0.5710455764075067,0.6310432569974556,0.5949720670391062,378,373,213,160,130,248,0.6138482023968043,0.6135651162460813,0.6135651162460815
3,1,54,0.6113861386138614,0.654178674351585,0.6730245231607629,0.5911458333333334,0.6407263294422827,0.6210670314637483,367,384,227,157,120,247,0.6311584553928096,0.6320851782470481,0.6320851782470482
3,1,55,0.607565011820331,0.6402439024390244,0.6853333333333333,0.5585106382978723,0.644110275689223,0.5965909090909091,375,376,210,166,118,257,0.6218375499334221,0.6219219858156029,0.6219219858156029
3,1,56,0.594847775175644,0.6265432098765432,0.6773333333333333,0.5398936170212766,0.6334164588528678,0.58,375,376,203,173,121,254,0.6085219707057257,0.608613475177305,0.6086134751773049
3,1,57,0.6010362694300518,0.6246575342465753,0.6287262872628726,0.5968586387434555,0.614569536423841,0.6104417670682731,369,382,228,154,137,232,0.6125166444740346,0.612792463003164,0.612792463003164
3,1,58,0.6015037593984962,0.6335227272727273,0.6504065040650406,0.5837696335078534,0.625,0.6076294277929156,369,382,223,159,129,240,0.6165113182423435,0.6170880687864471,0.6170880687864471
3,1,59,0.6094527363184079,0.6275071633237822,0.6533333333333333,0.5824468085106383,0.6306306306306305,0.6041379310344828,375,376,219,157,130,245,0.6178428761651131,0.6178900709219858,0.6178900709219859
3,1,60,0.5882352941176471,0.6209912536443148,0.6486486486486487,0.5590551181102362,0.6169665809768637,0.5883977900552486,370,381,213,168,130,240,0.6031957390146472,0.6038518833794424,0.6038518833794424
3,1,61,0.6126582278481013,0.6573033707865169,0.6648351648351648,0.6046511627906976,0.6376811594202899,0.6298788694481829,364,387,234,153,122,242,0.6338215712383488,0.6347431638129312,0.6347431638129313
3,1,62,0.580952380952381,0.6042296072507553,0.6506666666666666,0.5319148936170213,0.6138364779874214,0.5657708628005658,375,376,200,176,131,244,0.5912117177097204,0.5912907801418439,0.591290780141844
3,1,63,0.5990338164251208,0.629080118694362,0.6648793565683646,0.5608465608465608,0.6302414231257941,0.5930069930069929,373,378,212,166,125,248,0.6125166444740346,0.6128629587074628,0.6128629587074628
3,1,64,0.6151960784313726,0.6588921282798834,0.6820652173913043,0.5900783289817232,0.6469072164948454,0.6225895316804407,368,383,226,157,117,251,0.6351531291611185,0.6360717731865138,0.6360717731865138
3,1,65,0.6267942583732058,0.6366366366366366,0.6840731070496083,0.5760869565217391,0.6541822721598002,0.6048502139800285,383,368,212,156,121,262,0.6311584553928096,0.6300800317856738,0.6300800317856737
3,1,66,0.6256281407035176,0.6203966005665722,0.6501305483028721,0.595108695652174,0.6376440460947503,0.6074895977808599,383,368,219,149,134,249,0.6231691078561917,0.622619621977523,0.622619621977523
3,1,67,0.5633802816901409,0.6092307692307692,0.6539509536784741,0.515625,0.605296343001261,0.5585331452750353,367,384,198,186,127,240,0.5832223701731025,0.584787976839237,0.584787976839237
3,1,68,0.6356968215158925,0.6608187134502924,0.6914893617021277,0.6026666666666667,0.6624203821656052,0.6304044630404464,376,375,226,149,116,260,0.6471371504660453,0.6470780141843971,0.6470780141843971
3,1,69,0.6104513064133017,0.6212121212121212,0.6727748691099477,0.5555555555555556,0.6400996264009964,0.586552217453505,382,369,205,164,125,257,0.6151797603195739,0.6141652123327516,0.6141652123327516
3,1,70,0.6349614395886889,0.6243093922651933,0.6449086161879896,0.6141304347826086,0.6398963730569948,0.6191780821917808,383,368,226,142,136,247,0.62982689747004,0.629519525485299,0.6295195254852991
3,1,71,0.6014669926650367,0.631578947368421,0.6612903225806451,0.5699208443271768,0.6299615877080667,0.5991678224687933,372,379,216,163,126,246,0.6151797603195739,0.6156055834539109,0.615605583453911
3,1,72,0.6058394160583942,0.6294117647058823,0.664,0.5691489361702128,0.633587786259542,0.5977653631284917,375,376,214,162,126,249,0.6165113182423435,0.6165744680851064,0.6165744680851063
3,1,73,0.5863746958637469,0.611764705882353,0.646112600536193,0.5502645502645502,0.6147959183673468,0.5793871866295265,373,378,208,170,132,241,0.5978695073235686,0.5981885754003716,0.5981885754003716
3,1,74,0.5821596244131455,0.6246153846153846,0.6702702702702703,0.5328083989501312,0.6231155778894472,0.5750708215297451,370,381,203,178,122,248,0.6005326231691078,0.6015393346102007,0.6015393346102008
3,1,75,0.6347607052896725,0.6497175141242938,0.6702127659574468,0.6133333333333333,0.6520051746442431,0.6310013717421126,376,375,230,145,124,252,0.6418109187749668,0.6417730496453901,0.6417730496453901
3,1,76,0.5924170616113744,0.6352583586626139,0.6756756756756757,0.5485564304461942,0.6313131313131313,0.5887323943661972,370,381,209,172,120,250,0.611185086551265,0.6121160530609351,0.6121160530609349
3,1,77,0.6123853211009175,0.653968253968254,0.7101063829787234,0.5493333333333333,0.6576354679802956,0.5971014492753624,376,375,206,169,109,267,0.62982689747004,0.6297198581560284,0.6297198581560283
3,1,78,0.6149870801033591,0.6263736263736264,0.6363636363636364,0.6047745358090185,0.6254927726675427,0.6153846153846154,374,377,228,149,136,238,0.6205059920106525,0.6205690860863274,0.6205690860863274
3,1,79,0.585956416464891,0.621301775147929,0.654054054054054,0.5511811023622047,0.6181353767560664,0.5841446453407511,370,381,210,171,128,242,0.6018641810918774,0.6026175782081293,0.6026175782081293
3,1,80,0.6098130841121495,0.6408668730650154,0.6923076923076923,0.553475935828877,0.6484472049689441,0.5939741750358679,377,374,207,167,116,261,0.6231691078561917,0.6228918140682846,0.6228918140682846
3,1,81,0.606516290726817,0.6022727272727273,0.6335078534031413,0.5745257452574526,0.6197183098591549,0.5880721220527046,382,369,212,157,140,242,0.6045272969374168,0.604016799330297,0.604016799330297
3,1,82,0.6177215189873417,0.6067415730337079,0.6354166666666666,0.5885558583106267,0.6264441591784338,0.5975103734439835,384,367,216,151,140,244,0.6125166444740346,0.6119862624886466,0.6119862624886467
3,1,83,0.5707317073170731,0.5982404692082112,0.6307277628032345,0.5368421052631579,0.5992317541613316,0.5658807212205271,371,380,204,176,137,234,0.5832223701731025,0.5837849340331962,0.5837849340331962
3,1,84,0.5954198473282443,0.611731843575419,0.6273458445040214,0.5793650793650794,0.6109660574412533,0.595108695652174,373,378,219,159,139,234,0.6031957390146472,0.6033554619345504,0.6033554619345505
3,1,85,0.620253164556962,0.6235955056179775,0.6464379947229552,0.5967741935483871,0.6330749354005168,0.6098901098901099,379,372,222,150,134,245,0.6218375499334221,0.6216060941356711,0.6216060941356711
3,1,86,0.6090225563909775,0.6107954545454546,0.6394736842105263,0.5795148247978437,0.6238767650834403,0.5947441217150761,380,371,215,156,137,243,0.6098535286284953,0.609494254504185,0.609494254504185
3,1,87,0.60431654676259,0.6197604790419161,0.6649076517150396,0.5564516129032258,0.6331658291457286,0.5864022662889519,379,372,207,165,127,252,0.611185086551265,0.6106796323091327,0.6106796323091328
3,1,88,0.6020151133501259,0.6129943502824858,0.6356382978723404,0.5786666666666667,0.6183699870633894,0.5953360768175582,376,375,217,158,137,239,0.607190412782956,0.6071524822695036,0.6071524822695036
3,1,89,0.6253164556962025,0.6376404494382022,0.6569148936170213,0.6053333333333333,0.6407263294422828,0.6210670314637482,376,375,227,148,129,247,0.6311584553928096,0.6311241134751773,0.6311241134751773
3,1,90,0.5717592592592593,0.6018808777429467,0.660427807486631,0.5092838196286472,0.6129032258064516,0.5517241379310346,374,377,192,185,127,247,0.5845539280958721,0.5848558135576392,0.584855813557639
3,1,91,0.634020618556701,0.6363636363636364,0.6507936507936508,0.6193029490616622,0.6422976501305483,0.6277173913043478,378,373,231,142,132,246,0.6351531291611185,0.6350482999276564,0.6350482999276565
3,1,92,0.6068796068796068,0.622093023255814,0.6551724137931034,0.5721925133689839,0.6301020408163265,0.5961002785515321,377,374,214,160,130,247,0.6138482023968043,0.6136824635810438,0.6136824635810437
3,1,93,0.5936739659367397,0.6058823529411764,0.6455026455026455,0.5522788203753352,0.6185044359949302,0.5778401122019635,378,373,206,167,134,244,0.5992010652463382,0.5988907329389903,0.5988907329389904
3,1,94,0.6140350877192983,0.6193181818181818,0.6464379947229552,0.5860215053763441,0.6298200514138818,0.6022099447513812,379,372,218,154,134,245,0.6165113182423435,0.6162297500496496,0.6162297500496496
3,1,95,0.6136919315403423,0.6549707602339181,0.6802168021680217,0.5863874345549738,0.6452442159383034,0.6187845303867403,369,382,224,158,118,251,0.6324900133155792,0.6333021183614977,0.6333021183614977
3,1,96,0.5823389021479713,0.6234939759036144,0.6612466124661247,0.5418848167539267,0.6192893401015228,0.5798319327731093,369,382,207,175,125,244,0.6005326231691078,0.6015657146100257,0.6015657146100258
3,1,97,0.6129032258064516,0.6293103448275862,0.6569148936170213,0.584,0.6341463414634148,0.6058091286307054,376,375,219,156,129,247,0.6205059920106525,0.6204574468085107,0.6204574468085107
3,1,98,0.6151960784313726,0.6326530612244898,0.6657824933687002,0.5802139037433155,0.6394904458598726,0.6052998605299861,377,374,217,157,126,251,0.6231691078561917,0.6229981985560079,0.6229981985560078
3,1,99,0.6259541984732825,0.6201117318435754,0.643979057591623,0.6016260162601627,0.6348387096774193,0.6107290233837689,382,369,222,147,136,246,0.6231691078561917,0.6228025369258927,0.6228025369258929
5,1,0,0.6053268765133172,0.6272189349112426,0.6648936170212766,0.5653333333333334,0.6337135614702155,0.5946704067321178,376,375,212,163,126,250,0.6151797603195739,0.615113475177305,0.6151134751773049
5,1,1,0.6186868686868687,0.6366197183098592,0.6550802139037433,0.5994694960212201,0.6363636363636364,0.6174863387978142,374,377,226,151,129,245,0.6271637816245007,0.6272748549624817,0.6272748549624817
5,1,2,0.6372093023255814,0.67601246105919,0.7248677248677249,0.5817694369973191,0.6782178217821783,0.6253602305475504,378,373,217,156,104,274,0.6537949400798935,0.6533185809325219,0.653318580932522
5,1,3,0.6187050359712231,0.6706586826347305,0.7010869565217391,0.5848563968668408,0.6573248407643313,0.6248256624825662,368,383,224,159,110,258,0.6418109187749668,0.64297167669429,0.64297167669429
5,1,4,0.6144578313253012,0.6428571428571429,0.68,0.574468085106383,0.6455696202531646,0.6067415730337079,375,376,216,160,120,255,0.6271637816245007,0.6272340425531916,0.6272340425531915
5,1,5,0.6480582524271845,0.6666666666666666,0.7026315789473684,0.6091644204851752,0.6742424242424243,0.6366197183098591,380,371,226,145,113,267,0.6564580559254327,0.6558979997162717,0.6558979997162718
5,1,6,0.6311881188118812,0.6512968299711815,0.6781914893617021,0.6026666666666667,0.6538461538461539,0.6260387811634348,376,375,226,149,121,255,0.640479360852197,0.6404290780141844,0.6404290780141845
5,1,7,0.6074766355140186,0.6563467492260062,0.7008086253369272,0.5578947368421052,0.6508135168961201,0.6031294452347084,371,380,212,168,111,260,0.6284953395472703,0.6293516810895162,0.6293516810895162
5,1,8,0.6282973621103117,0.6586826347305389,0.6968085106382979,0.5866666666666667,0.6607818411097099,0.6205923836389281,376,375,220,155,114,262,0.6418109187749668,0.6417375886524822,0.6417375886524823
5,1,9,0.6201923076923077,0.6507462686567164,0.688,0.5797872340425532,0.652338811630847,0.6132208157524612,375,376,218,158,117,258,0.6338215712383488,0.6338936170212766,0.6338936170212766
5,1,10,0.6208530805687204,0.6261398176291794,0.6805194805194805,0.5628415300546448,0.6493184634448574,0.5928057553956835,385,366,206,160,123,262,0.6231691078561917,0.6216805052870626,0.6216805052870626
5,1,11,0.6081730769230769,0.6149253731343284,0.662303664921466,0.5582655826558266,0.6340852130325815,0.5852272727272728,382,369,206,163,129,253,0.611185086551265,0.6102846237886462,0.6102846237886463
5,1,12,0.624390243902439,0.6451612903225806,0.6790450928381963,0.5882352941176471,0.6505717916137229,0.6153846153846154,377,374,220,154,121,256,0.6338215712383488,0.6336401934779217,0.6336401934779218
5,1,13,0.6122931442080378,0.6615853658536586,0.7,0.5695538057742782,0.6532156368221941,0.61212976022567,370,381,217,164,111,259,0.6338215712383488,0.6347769028871391,0.6347769028871391
5,1,14,0.605,0.6125356125356125,0.6402116402116402,0.5764075067024129,0.622107969151671,0.5939226519337018,378,373,215,158,136,242,0.6085219707057257,0.6083095734570265,0.6083095734570266
5,1,15,0.6009070294784581,0.6580645161290323,0.7142857142857143,0.5368421052631579,0.6527093596059114,0.591304347826087,371,380,204,176,106,265,0.6245006657789614,0.6255639097744361,0.6255639097744361
5,1,16,0.6551724137931034,0.6666666666666666,0.6981627296587927,0.6216216216216216,0.6759847522236341,0.6433566433566433,381,370,230,140,115,266,0.6604527296937417,0.6598921756402072,0.6598921756402071
5,1,17,0.6388206388206388,0.6453488372093024,0.680628272251309,0.6016260162601627,0.6590621039290241,0.6227208976157083,382,369,222,147,122,260,0.6418109187749668,0.6411271442557358,0.6411271442557357
5,1,18,0.6210268948655256,0.6432748538011696,0.675531914893617,0.5866666666666667,0.6471337579617834,0.6136680613668062,376,375,220,155,122,254,0.6311584553928096,0.6310992907801418,0.6310992907801418
5,1,19,0.6099290780141844,0.6676829268292683,0.7029972752043597,0.5703125,0.6531645569620252,0.6151685393258427,367,384,219,165,109,258,0.6351531291611185,0.6366548876021798,0.6366548876021798
5,1,20,0.6199524940617577,0.6606060606060606,0.6997319034852547,0.5767195767195767,0.6574307304785895,0.615819209039548,373,378,218,160,112,261,0.6378162450066578,0.6382257401024157,0.6382257401024157
5,1,21,0.6535433070866141,0.6648648648648648,0.6675603217158177,0.6507936507936508,0.6604774535809018,0.6577540106951871,373,378,246,132,124,249,0.6591211717709721,0.6591769862547343,0.6591769862547342
5,1,22,0.6105527638190955,0.6402266288951841,0.6567567567567567,0.5931758530183727,0.6328125,0.6158038147138964,370,381,226,155,127,243,0.6245006657789614,0.6249663048875647,0.6249663048875647
5,1,23,0.6494845360824743,0.650137741046832,0.6649076517150396,0.6344086021505376,0.6571056062581487,0.6421768707482993,379,372,236,136,127,252,0.6498002663115846,0.6496581269327886,0.6496581269327887
5,1,24,0.6113744075829384,0.6382978723404256,0.6843501326259946,0.5614973262032086,0.6458072590738423,0.5974395448079659,377,374,210,164,119,258,0.6231691078561917,0.6229237294146016,0.6229237294146016
5,1,25,0.6278538812785388,0.6613418530351438,0.7217847769028871,0.5594594594594594,0.6715506715506715,0.6061493411420205,381,370,207,163,106,275,0.6418109187749668,0.6406221181811733,0.6406221181811732
5,1,26,0.6253041362530414,0.6529411764705882,0.6853333333333333,0.5904255319148937,0.6539440203562341,0.6201117318435755,375,376,222,154,118,257,0.6378162450066578,0.6378794326241135,0.6378794326241135
5,1,27,0.6055045871559633,0.6476190476190476,0.704,0.5425531914893617,0.6510480887792848,0.5904486251808972,375,376,204,172,111,264,0.6231691078561917,0.6232765957446809,0.6232765957446808
5,1,28,0.6386138613861386,0.654178674351585,0.6825396825396826,0.6085790884718498,0.659846547314578,0.6305555555555556,378,373,227,146,120,258,0.6458055925432756,0.6455593855057662,0.6455593855057662
5,1,29,0.625,0.6626865671641791,0.6970509383378016,0.5873015873015873,0.6590621039290241,0.6227208976157081,373,378,222,156,113,260,0.6418109187749668,0.6421762628196944,0.6421762628196945
5,1,30,0.6072289156626506,0.6309523809523809,0.6702127659574468,0.5653333333333334,0.6371681415929205,0.5963431786216596,376,375,212,163,124,252,0.6178428761651131,0.6177730496453901,0.61777304964539
5,1,31,0.6175710594315246,0.6401098901098901,0.6459459459459459,0.6115485564304461,0.631439894319683,0.6255033557046978,370,381,233,148,131,239,0.6284953395472703,0.628747251188196,0.6287472511881962
5,1,32,0.6581632653061225,0.6601671309192201,0.6789473684210526,0.6388140161725068,0.6683937823834196,0.6493150684931508,380,371,237,134,122,258,0.6591211717709721,0.6588806922967797,0.6588806922967798
5,1,33,0.6057007125890737,0.6363636363636364,0.68,0.5585106382978723,0.6407035175879398,0.5949008498583569,375,376,210,166,120,255,0.6191744340878829,0.6192553191489363,0.6192553191489362
5,1,34,0.6372315035799523,0.6475903614457831,0.6953125,0.5858310626702997,0.6650062266500623,0.6151645207439199,384,367,215,152,117,267,0.6418109187749668,0.6405717813351499,0.6405717813351499
5,1,35,0.6276041666666666,0.6103542234332425,0.6276041666666666,0.6103542234332425,0.6276041666666666,0.6103542234332425,384,367,224,143,143,241,0.6191744340878829,0.6189791950499546,0.6189791950499547
5,1,36,0.6051401869158879,0.6346749226006192,0.6870026525198939,0.5481283422459893,0.6434782608695652,0.5882352941176471,377,374,205,169,118,259,0.6178428761651131,0.6175654973829415,0.6175654973829416
5,1,37,0.6157517899761337,0.6566265060240963,0.6935483870967742,0.575197889182058,0.6523388116308472,0.6132208157524612,372,379,218,161,114,258,0.6338215712383488,0.6343731381394162,0.6343731381394162
5,1,38,0.6658163265306123,0.6713091922005571,0.6886543535620053,0.6478494623655914,0.6770428015564203,0.6593707250341997,379,372,241,131,118,261,0.6684420772303595,0.6682519079637983,0.6682519079637984
5,1,39,0.6081730769230769,0.6358208955223881,0.6746666666666666,0.5664893617021277,0.6396965865992413,0.59915611814346,375,376,213,163,122,253,0.6205059920106525,0.6205780141843971,0.6205780141843973
5,1,40,0.6498800959232613,0.6766467065868264,0.7150395778364116,0.6075268817204301,0.6809045226130653,0.6402266288951841,379,372,226,146,108,271,0.6617842876165113,0.6612832297784208,0.6612832297784208
5,1,41,0.6404199475065617,0.6378378378378379,0.6455026455026455,0.6327077747989276,0.6429512516469037,0.6352624495289367,378,373,236,137,134,244,0.6391478029294274,0.6391052101507866,0.6391052101507866
5,1,42,0.6269035532994924,0.6358543417366946,0.6551724137931034,0.606951871657754,0.6407263294422828,0.6210670314637483,377,374,227,147,130,247,0.6311584553928096,0.6310621427254288,0.6310621427254288
5,1,43,0.5821596244131455,0.6276923076923077,0.6720867208672087,0.5340314136125655,0.6238993710691824,0.5770862800565771,369,382,204,178,121,248,0.6018641810918774,0.603059067239887,0.6030590672398871
5,1,44,0.5883668903803132,0.6414473684210527,0.706989247311828,0.5145118733509235,0.6422466422466422,0.5710102489019034,372,379,195,184,109,263,0.6098535286284953,0.6107505603313758,0.6107505603313759
5,1,45,0.6335697399527187,0.6463414634146342,0.6979166666666666,0.5776566757493188,0.664188351920694,0.6100719424460432,384,367,212,155,116,268,0.6391478029294274,0.6377866712079927,0.6377866712079928
5,1,46,0.6381418092909535,0.652046783625731,0.6868421052631579,0.601078167115903,0.6615969581749049,0.6255259467040674,380,371,223,148,119,261,0.644474034620506,0.6439601361895304,0.6439601361895304
5,1,47,0.6216867469879518,0.6726190476190477,0.7010869565217391,0.5900783289817232,0.6590038314176245,0.6286509040333798,368,383,226,157,110,258,0.644474034620506,0.6455826427517313,0.6455826427517313
5,1,48,0.5950617283950618,0.5982658959537572,0.6342105263157894,0.5579514824797843,0.6140127388535032,0.5774058577405857,380,371,207,164,139,241,0.596537949400799,0.596081004397787,0.5960810043977869
5,1,49,0.6004618937644342,0.6572327044025157,0.7046070460704607,0.5471204188481675,0.6483790523690773,0.5971428571428572,369,382,209,173,109,260,0.6245006657789614,0.625863732459314,0.6258637324593141
5,1,50,0.6277372262773723,0.6558823529411765,0.688,0.5930851063829787,0.6564885496183205,0.622905027932961,375,376,223,153,117,258,0.640479360852197,0.6405425531914893,0.6405425531914893
5,1,51,0.6323529411764706,0.6472303206997084,0.6807387862796834,0.5967741935483871,0.6556543837357052,0.620979020979021,379,372,222,150,121,258,0.6391478029294274,0.6387564899140352,0.6387564899140352
5,1,52,0.6341463414634146,0.6686217008797654,0.6970509383378016,0.6031746031746031,0.6641123882503193,0.6342141863699582,373,378,228,150,113,260,0.6498002663115846,0.6501127707562024,0.6501127707562024
5,1,53,0.6165413533834586,0.6420454545454546,0.6612903225806451,0.5963060686015831,0.6381322957198443,0.6183310533515732,372,379,226,153,126,246,0.6284953395472703,0.628798195591114,0.6287981955911142
5,1,54,0.6405867970660146,0.672514619883041,0.7005347593582888,0.610079575596817,0.6692209450830141,0.6397774687065368,374,377,230,147,112,262,0.6551264980026631,0.6553071674775528,0.6553071674775529
5,1,55,0.6576354679802956,0.6782608695652174,0.7063492063492064,0.6273458445040214,0.681122448979592,0.6518105849582172,378,373,234,139,111,267,0.6671105193075899,0.666847525426614,0.6668475254266139
5,1,56,0.6247086247086248,0.6614906832298136,0.7108753315649867,0.56951871657754,0.6650124069478908,0.6120689655172413,377,374,213,161,109,268,0.640479360852197,0.6401970240712634,0.6401970240712633
5,1,57,0.6402877697841727,0.6826347305389222,0.7158176943699732,0.6031746031746031,0.6759493670886076,0.6404494382022473,373,378,228,150,106,267,0.6591211717709721,0.6594961487722883,0.6594961487722882
5,1,58,0.6129032258064516,0.6379310344827587,0.6621983914209115,0.5873015873015873,0.6365979381443299,0.6115702479338844,373,378,222,156,126,247,0.6245006657789614,0.6247499893612494,0.6247499893612494
5,1,59,0.5904761904761905,0.6102719033232629,0.6578249336870027,0.5401069518716578,0.6223337515683814,0.5730496453900711,377,374,202,172,129,248,0.5992010652463382,0.5989659427793301,0.5989659427793302
5,1,60,0.6231527093596059,0.6318840579710145,0.6657894736842105,0.5876010781671159,0.643765903307888,0.6089385474860336,380,371,218,153,127,253,0.6271637816245007,0.6266952759256632,0.6266952759256632
5,1,61,0.6059850374064838,0.6,0.6344647519582245,0.5706521739130435,0.6198979591836735,0.5849582172701949,383,368,210,158,140,243,0.6031957390146472,0.602558462935634,0.602558462935634
5,1,62,0.6523929471032746,0.6497175141242938,0.6762402088772846,0.625,0.6641025641025642,0.6371191135734072,383,368,230,138,124,259,0.6511318242343542,0.6506201044386424,0.6506201044386423
5,1,63,0.6195121951219512,0.6744868035190615,0.6958904109589041,0.5958549222797928,0.6554838709677419,0.6327372764786795,365,386,230,156,111,254,0.644474034620506,0.6458726666193484,0.6458726666193484
5,1,64,0.5918367346938775,0.6290322580645161,0.6941489361702128,0.52,0.6389228886168912,0.5693430656934307,376,375,195,180,115,261,0.607190412782956,0.6070744680851063,0.6070744680851065
5,1,65,0.6341463414634146,0.6744868035190615,0.7008086253369272,0.6052631578947368,0.6658130601792573,0.638002773925104,371,380,230,150,111,260,0.6524633821571239,0.6530358916158321,0.653035891615832
5,1,66,0.640625,0.6430517711171662,0.6525198938992043,0.6310160427807486,0.6465177398160316,0.6369770580296895,377,374,236,138,131,246,0.6418109187749668,0.6417679683399765,0.6417679683399764
5,1,67,0.6401028277634961,0.6353591160220995,0.6535433070866141,0.6216216216216216,0.6467532467532467,0.6284153005464481,381,370,230,140,132,249,0.6378162450066578,0.6375824643541179,0.6375824643541178
5,1,68,0.6495098039215687,0.6793002915451894,0.7066666666666667,0.6196808510638298,0.6768837803320562,0.6481223922114047,375,376,233,143,110,265,0.6631158455392809,0.6631737588652482,0.6631737588652482
5,1,69,0.6374695863746959,0.6647058823529411,0.6968085106382979,0.6026666666666667,0.6658195679796697,0.632167832167832,376,375,226,149,114,262,0.6498002663115846,0.6497375886524823,0.6497375886524823
5,1,70,0.6437054631828979,0.6818181818181818,0.7207446808510638,0.6,0.6800501882057716,0.6382978723404256,376,375,225,150,105,271,0.6604527296937417,0.6603723404255318,0.660372340425532
5,1,71,0.6195121951219512,0.6422287390029325,0.675531914893617,0.584,0.6463104325699746,0.611731843575419,376,375,219,156,122,254,0.62982689747004,0.6297659574468085,0.6297659574468084
5,1,72,0.6476683937823834,0.6575342465753424,0.6666666666666666,0.6382978723404256,0.657030223390276,0.6477732793522267,375,376,240,136,125,250,0.6524633821571239,0.6524822695035462,0.6524822695035463
5,1,73,0.6163069544364509,0.6467065868263473,0.6853333333333333,0.574468085106383,0.6489898989898989,0.6084507042253521,375,376,216,160,118,257,0.62982689747004,0.6299007092198582,0.6299007092198582
5,1,74,0.6447688564476886,0.6529411764705882,0.6919060052219321,0.6032608695652174,0.6675062972292191,0.6271186440677966,383,368,222,146,118,265,0.6484687083888149,0.6475834373935747,0.6475834373935747
5,1,75,0.6390977443609023,0.6647727272727273,0.6836461126005362,0.6190476190476191,0.6606217616580311,0.6410958904109589,373,378,234,144,118,255,0.6511318242343542,0.6513468658240776,0.6513468658240776
5,1,76,0.6658291457286433,0.6685552407932012,0.693717277486911,0.6395663956639567,0.6794871794871795,0.6537396121883656,382,369,236,133,117,265,0.6671105193075899,0.6666418365754339,0.6666418365754337
5,1,77,0.5985915492957746,0.6307692307692307,0.68,0.5452127659574468,0.6367041198501873,0.5848787446504993,375,376,205,171,120,255,0.6125166444740346,0.6126063829787235,0.6126063829787233
5,1,78,0.5955555555555555,0.654485049833887,0.7204301075268817,0.5197889182058048,0.6520681265206811,0.5794117647058823,372,379,197,182,104,268,0.6191744340878829,0.6201095128663432,0.6201095128663433
5,1,79,0.6473551637279596,0.655367231638418,0.6781002638522428,0.6236559139784946,0.6623711340206185,0.6391184573002754,379,372,232,140,122,257,0.6511318242343542,0.6508780889153687,0.6508780889153687
5,1,80,0.6231155778894473,0.6345609065155807,0.6578249336870027,0.5989304812834224,0.6400000000000001,0.6162310866574966,377,374,224,150,129,248,0.6284953395472703,0.6283777074852125,0.6283777074852126
5,1,81,0.6215538847117794,0.6505681818181818,0.6684636118598383,0.6026315789473684,0.6441558441558441,0.6256830601092896,371,380,229,151,123,248,0.6351531291611185,0.6355475954036034,0.6355475954036033
5,1,82,0.5761904761904761,0.6314199395770392,0.6648351648351648,0.5400516795865633,0.6173469387755101,0.5821727019498607,364,387,209,178,122,242,0.6005326231691078,0.602443422210864,0.6024434222108641
5,1,83,0.6211031175059952,0.6377245508982036,0.6815789473684211,0.5741239892183289,0.6499372647427853,0.6042553191489362,380,371,213,158,121,259,0.6284953395472703,0.6278514682933749,0.627851468293375
5,1,84,0.6271604938271605,0.6416184971098265,0.671957671957672,0.5951742627345844,0.6487867177522351,0.6175243393602226,378,373,222,151,124,254,0.6338215712383488,0.6335659673461282,0.6335659673461281
5,1,85,0.6607142857142857,0.6685236768802229,0.6851851851851852,0.6434316353887399,0.6727272727272727,0.6557377049180327,378,373,240,133,119,259,0.6644474034620506,0.6643084102869626,0.6643084102869625
5,1,86,0.6056338028169014,0.6338461538461538,0.6843501326259946,0.5508021390374331,0.6425902864259029,0.5894134477825466,377,374,206,168,119,258,0.6178428761651131,0.6175761358317139,0.6175761358317139
5,1,87,0.6076555023923444,0.6126126126126126,0.6631853785900783,0.5543478260869565,0.634207240948814,0.5820256776034236,383,368,204,164,129,254,0.6098535286284953,0.6087666023385174,0.6087666023385174
5,1,88,0.6625615763546798,0.672463768115942,0.7041884816753927,0.6287262872628726,0.6827411167512691,0.6498599439775911,382,369,232,137,113,269,0.6671105193075899,0.6664573844691327,0.6664573844691326
5,1,89,0.6246913580246913,0.6647398843930635,0.6856368563685636,0.6020942408376964,0.6537467700258398,0.631868131868132,369,382,230,152,116,253,0.6431424766977364,0.64386554860313,0.6438655486031301
5,1,90,0.6150121065375302,0.6272189349112426,0.6684210526315789,0.5714285714285714,0.6406052963430012,0.5980253878702398,380,371,212,159,126,254,0.6205059920106525,0.6199248120300752,0.6199248120300752
5,1,91,0.6157517899761337,0.6445783132530121,0.6861702127659575,0.5706666666666667,0.6490566037735849,0.6053748231966054,376,375,214,161,118,258,0.6284953395472703,0.6284184397163121,0.6284184397163121
5,1,92,0.6142857142857143,0.6465256797583081,0.688,0.5691489361702128,0.6490566037735849,0.6053748231966053,375,376,214,162,117,258,0.6284953395472703,0.6285744680851063,0.6285744680851063
5,1,93,0.6268292682926829,0.6510263929618768,0.6835106382978723,0.592,0.6539440203562341,0.6201117318435754,376,375,222,153,119,257,0.6378162450066578,0.6377553191489362,0.6377553191489362
5,1,94,0.624113475177305,0.6676829268292683,0.707774798927614,0.5793650793650794,0.6633165829145728,0.6203966005665723,373,378,219,159,109,264,0.6431424766977364,0.6435699391463466,0.6435699391463467
5,1,95,0.6445012787723785,0.6444444444444445,0.6631578947368421,0.6253369272237197,0.6536964980544747,0.6347469220246238,380,371,232,139,128,252,0.644474034620506,0.6442474109802808,0.6442474109802809
5,1,96,0.625,0.6406685236768802,0.6550802139037433,0.610079575596817,0.639686684073107,0.625,374,377,230,147,129,245,0.6324900133155792,0.6325798947502801,0.6325798947502802
5,1,97,0.6088992974238876,0.6512345679012346,0.6970509383378016,0.5582010582010583,0.65,0.6011396011396013,373,378,211,167,113,260,0.6271637816245007,0.6276259982694299,0.6276259982694299
5,1,98,0.6383495145631068,0.6519174041297935,0.6902887139107612,0.5972972972972973,0.6633039092055486,0.623413258110014,381,370,221,149,118,263,0.644474034620506,0.6437930056040293,0.6437930056040292
5,1,99,0.6384039900249376,0.66,0.6826666666666666,0.6143617021276596,0.6597938144329897,0.6363636363636365,375,376,231,145,119,256,0.6484687083888149,0.648514184397163,0.6485141843971631
7,1,0,0.6258823529411764,0.6748466257668712,0.7150537634408602,0.5804749340369393,0.6675031367628608,0.624113475177305,372,379,220,159,106,266,0.6471371504660453,0.6477643487388998,0.6477643487388999
7,1,1,0.6091127098321343,0.6317365269461078,0.6737400530503979,0.5641711229946524,0.6397984886649873,0.596045197740113,377,374,211,163,123,254,0.6191744340878829,0.6189555880225251,0.6189555880225251
7,1,2,0.6275,0.6296296296296297,0.6587926509186351,0.5972972972972973,0.6427656850192062,0.6130374479889042,381,370,221,149,130,251,0.6284953395472703,0.6280449741079661,0.6280449741079661
7,1,3,0.6018957345971564,0.662613981762918,0.6958904109589041,0.5647668393782384,0.6454891994917409,0.6097902097902098,365,386,218,168,111,254,0.6284953395472703,0.6303286251685712,0.6303286251685712
7,1,4,0.5897435897435898,0.6304347826086957,0.6801075268817204,0.5356200527704486,0.6317103620474407,0.579172610556348,372,379,203,176,119,253,0.607190412782956,0.6078637898260846,0.6078637898260846
7,1,5,0.6537467700258398,0.6593406593406593,0.6710875331564987,0.6417112299465241,0.6623036649214661,0.6504065040650406,377,374,240,134,124,253,0.6564580559254327,0.6563993815515115,0.6563993815515113
7,1,6,0.6091127098321343,0.655688622754491,0.6883468834688347,0.5732984293193717,0.6463104325699746,0.611731843575419,369,382,219,163,115,254,0.62982689747004,0.6308226563941032,0.6308226563941032
7,1,7,0.6009501187648456,0.6272727272727273,0.6728723404255319,0.552,0.6348808030112923,0.5872340425531914,376,375,207,168,123,253,0.6125166444740346,0.6124361702127661,0.612436170212766
7,1,8,0.6166666666666667,0.6676737160120846,0.7018970189701897,0.5785340314136126,0.6565272496831434,0.6199158485273493,369,382,221,161,110,259,0.6391478029294274,0.6402155251919012,0.6402155251919011
7,1,9,0.6372549019607843,0.6763848396501457,0.7008086253369272,0.6105263157894737,0.6675224646983312,0.6417704011065007,371,380,232,148,111,260,0.6551264980026631,0.6556674705632004,0.6556674705632005
7,1,10,0.6209476309226932,0.6542857142857142,0.672972972972973,0.6010498687664042,0.6459143968871595,0.6265389876880985,370,381,229,152,121,249,0.6364846870838882,0.6370114208696886,0.6370114208696886
7,1,11,0.6212121212121212,0.6422535211267606,0.6595174262734584,0.6031746031746031,0.6397919375812744,0.6221009549795361,373,378,228,150,127,246,0.6311584553928096,0.6313460147240308,0.6313460147240308
7,1,12,0.6446700507614214,0.6470588235294118,0.6684210526315789,0.6226415094339622,0.6563307493540051,0.6346153846153846,380,371,231,140,126,254,0.6458055925432756,0.6455312810327706,0.6455312810327707
7,1,13,0.6517412935323383,0.6561604584527221,0.6858638743455497,0.6205962059620597,0.6683673469387756,0.637883008356546,382,369,229,140,120,262,0.6537949400798935,0.6532300401538046,0.6532300401538048
7,1,14,0.6321525885558583,0.609375,0.6073298429319371,0.6341463414634146,0.6194926568758344,0.6215139442231075,382,369,234,135,150,232,0.6205059920106525,0.6207380921976758,0.620738092197676
7,1,15,0.6484375,0.6566757493188011,0.664,0.6409574468085106,0.6561264822134387,0.648721399730821,375,376,241,135,126,249,0.6524633821571239,0.6524787234042554,0.6524787234042553
7,1,16,0.661498708010336,0.6593406593406593,0.6736842105263158,0.6469002695417789,0.6675358539765319,0.6530612244897959,380,371,240,131,124,256,0.6604527296937417,0.6602922400340474,0.6602922400340473
7,1,17,0.6448362720403022,0.6497175141242938,0.6736842105263158,0.6199460916442049,0.6589446589446589,0.6344827586206897,380,371,230,141,124,256,0.6471371504660453,0.6468151510852602,0.6468151510852603
7,1,18,0.6291866028708134,0.6636636636636637,0.7013333333333334,0.5877659574468085,0.6633039092055485,0.623413258110014,375,376,221,155,112,263,0.644474034620506,0.644549645390071,0.644549645390071
7,1,19,0.6218274111675127,0.6666666666666666,0.6730769230769231,0.6149870801033591,0.6464379947229552,0.6397849462365591,364,387,238,149,119,245,0.6431424766977364,0.6440320015901412,0.6440320015901412
7,1,20,0.6327543424317618,0.6494252873563219,0.6763925729442971,0.6042780748663101,0.6538461538461539,0.6260387811634348,377,374,226,148,122,255,0.640479360852197,0.6403353239053037,0.6403353239053036
7,1,21,0.6247030878859857,0.6757575757575758,0.7108108108108108,0.5853018372703412,0.6649810366624526,0.6272855133614627,370,381,223,158,107,263,0.6471371504660453,0.6480563240405759,0.6480563240405761
7,1,22,0.6033254156769596,0.6515151515151515,0.6883468834688347,0.56282722513089,0.6430379746835443,0.6039325842696629,369,382,215,167,115,254,0.6245006657789614,0.6255870542998624,0.6255870542998623
7,1,23,0.6117936117936118,0.6482558139534884,0.672972972972973,0.5853018372703412,0.640926640926641,0.6151724137931034,370,381,223,158,121,249,0.6284953395472703,0.6291374051216571,0.6291374051216572
7,1,24,0.6141176470588235,0.6533742331288344,0.6978609625668449,0.5649867374005305,0.6533166458072591,0.6059743954480796,374,377,213,164,113,261,0.6311584553928096,0.6314238499836877,0.6314238499836878
7,1,25,0.6473551637279596,0.6694915254237288,0.6871657754010695,0.6286472148541115,0.6666666666666666,0.6484268125854994,374,377,237,140,117,257,0.6577896138482024,0.6579064951275904,0.6579064951275906
7,1,26,0.6229116945107399,0.6656626506024096,0.7016129032258065,0.58311345646438,0.6599241466498105,0.6216596343178621,372,379,221,158,111,261,0.6418109187749668,0.6423631798450932,0.6423631798450933
7,1,27,0.6388206388206388,0.6831395348837209,0.7046070460704607,0.6151832460732984,0.6701030927835051,0.6473829201101929,369,382,235,147,109,260,0.6591211717709721,0.6598951460718795,0.6598951460718796
7,1,28,0.6348039215686274,0.6559766763848397,0.6870026525198939,0.6016042780748663,0.6598726114649681,0.6276150627615064,377,374,225,149,118,259,0.644474034620506,0.64430346529738,0.64430346529738
7,1,29,0.6077481840193705,0.636094674556213,0.6711229946524064,0.5702917771883289,0.6378653113087674,0.6013986013986014,374,377,215,162,123,251,0.6205059920106525,0.6207073859203677,0.6207073859203677
7,1,30,0.6333333333333333,0.6260387811634349,0.6465968586387435,0.6124661246612466,0.6398963730569949,0.6191780821917808,382,369,226,143,135,247,0.62982689747004,0.629531491649995,0.629531491649995
7,1,31,0.6213592233009708,0.6607669616519174,0.6900269541778976,0.5894736842105263,0.6538952745849298,0.623087621696801,371,380,224,156,115,256,0.6391478029294274,0.639750319194212,0.639750319194212
7,1,32,0.5880893300248139,0.6091954022988506,0.6353887399463807,0.5608465608465608,0.6108247422680412,0.5840220385674931,373,378,212,166,136,237,0.5978695073235686,0.5981176503964708,0.5981176503964708
7,1,33,0.633423180592992,0.6473684210526316,0.6368563685636857,0.643979057591623,0.6351351351351352,0.6456692913385828,369,382,246,136,134,235,0.640479360852197,0.6404177130776544,0.6404177130776543
7,1,34,0.6255924170616114,0.668693009118541,0.707774798927614,0.582010582010582,0.6641509433962264,0.6223479490806223,373,378,220,158,109,264,0.644474034620506,0.644892690469098,0.644892690469098
7,1,35,0.6464891041162227,0.6804733727810651,0.712,0.6117021276595744,0.6776649746192892,0.6442577030812325,375,376,230,146,108,267,0.6617842876165113,0.6618510638297872,0.6618510638297872
7,1,36,0.5941043083900227,0.6483870967741936,0.706199460916442,0.5289473684210526,0.645320197044335,0.582608695652174,371,380,201,179,109,262,0.6165113182423435,0.6175734146687473,0.6175734146687474
7,1,37,0.6100917431192661,0.6793650793650794,0.7247956403269755,0.5572916666666666,0.6625155666251556,0.6123032904148784,367,384,214,170,101,266,0.6391478029294274,0.6410436534968211,0.6410436534968211
7,1,38,0.6352040816326531,0.6323119777158774,0.6535433070866141,0.6135135135135135,0.6442432082794307,0.6227709190672154,381,370,227,143,132,249,0.6338215712383488,0.6335284103000637,0.6335284103000637
7,1,39,0.6130536130536131,0.6521739130434783,0.7013333333333334,0.5585106382978723,0.654228855721393,0.6017191977077364,375,376,210,166,112,263,0.62982689747004,0.6299219858156029,0.6299219858156029
7,1,40,0.6023529411764705,0.6595092024539877,0.6975476839237057,0.5598958333333334,0.6464646464646464,0.6056338028169014,367,384,215,169,111,256,0.6271637816245007,0.6287217586285194,0.6287217586285195
7,1,41,0.6484560570071259,0.6787878787878788,0.7203166226912929,0.6021505376344086,0.6825000000000001,0.6381766381766383,379,372,224,148,106,273,0.6617842876165113,0.6612335801628507,0.6612335801628507
7,1,42,0.6286407766990292,0.6637168141592921,0.6943699731903485,0.5952380952380952,0.6598726114649681,0.6276150627615062,373,378,225,153,114,259,0.644474034620506,0.6448040342142218,0.6448040342142218
7,1,43,0.6165413533834586,0.6392045454545454,0.6595174262734584,0.5952380952380952,0.6373056994818652,0.6164383561643835,373,378,225,153,127,246,0.6271637816245007,0.6273777607557769,0.6273777607557769
7,1,44,0.6159600997506235,0.6171428571428571,0.6482939632545932,0.5837837837837838,0.6317135549872123,0.6,381,370,216,154,134,247,0.6165113182423435,0.6160388735191885,0.6160388735191885
7,1,45,0.6326530612244898,0.6462395543175488,0.6613333333333333,0.6170212765957447,0.6466753585397653,0.6312925170068027,375,376,232,144,127,248,0.6391478029294274,0.6391773049645391,0.6391773049645391
7,1,46,0.6247030878859857,0.6696969696969697,0.706989247311828,0.58311345646438,0.6633039092055485,0.6234132581100141,372,379,221,158,109,263,0.644474034620506,0.645051351888104,0.645051351888104
7,1,47,0.6675324675324675,0.6612021857923497,0.6745406824146981,0.654054054054054,0.6710182767624021,0.6576086956521738,381,370,242,128,124,257,0.6644474034620506,0.664297368234376,0.6642973682343761
7,1,48,0.612590799031477,0.6420118343195266,0.6764705882352942,0.5755968169761273,0.6429479034307496,0.606993006993007,374,377,217,160,121,253,0.625832223701731,0.6260337026057108,0.6260337026057107
7,1,49,0.6199524940617577,0.6727272727272727,0.7073170731707317,0.581151832460733,0.660759493670886,0.6235955056179774,369,382,222,160,108,261,0.6431424766977364,0.6442344528157323,0.6442344528157323
7,1,50,0.6065573770491803,0.6481481481481481,0.6943699731903485,0.5555555555555556,0.6475000000000001,0.5982905982905983,373,378,210,168,114,259,0.6245006657789614,0.6249627643729521,0.6249627643729521
7,1,51,0.6023809523809524,0.6465256797583081,0.6837837837837838,0.5616797900262467,0.640506329113924,0.6011235955056179,370,381,214,167,117,253,0.6218375499334221,0.6227317869050152,0.6227317869050153
7,1,52,0.6413301662707839,0.6757575757575758,0.7161803713527851,0.5962566844919787,0.6766917293233082,0.6335227272727274,377,374,223,151,107,270,0.6564580559254327,0.6562185279223818,0.656218527922382
7,1,53,0.6523929471032746,0.6412429378531074,0.6709844559585493,0.6219178082191781,0.661558109833972,0.631432545201669,386,365,227,138,127,259,0.6471371504660453,0.6464511320888637,0.6464511320888636
7,1,54,0.5932203389830508,0.6153846153846154,0.6533333333333333,0.5531914893617021,0.6218274111675126,0.5826330532212886,375,376,208,168,130,245,0.6031957390146472,0.6032624113475178,0.6032624113475177
7,1,55,0.603448275862069,0.6260869565217392,0.6550802139037433,0.5729442970822282,0.6282051282051282,0.5983379501385042,374,377,216,161,129,245,0.6138482023968043,0.6140122554929857,0.6140122554929858
7,1,56,0.6067146282973621,0.6197604790419161,0.6657894736842105,0.5579514824797843,0.6348808030112923,0.5872340425531914,380,371,207,164,127,253,0.6125166444740346,0.6118704780819975,0.6118704780819975
7,1,57,0.6352657004830918,0.6350148367952523,0.6813471502590673,0.5863013698630137,0.6575000000000001,0.6096866096866097,386,365,214,151,123,263,0.6351531291611185,0.6338242600610405,0.6338242600610405
7,1,58,0.6204379562043796,0.6441176470588236,0.6781914893617021,0.584,0.6480304955527318,0.6125874125874126,376,375,219,156,121,255,0.6311584553928096,0.6310957446808512,0.6310957446808512
7,1,59,0.5811764705882353,0.6257668711656442,0.6693766937669376,0.5340314136125655,0.6221662468513853,0.5762711864406779,369,382,204,178,122,247,0.6005326231691078,0.6017040536897516,0.6017040536897516
7,1,60,0.6187050359712231,0.6526946107784432,0.6898395721925134,0.5782493368700266,0.6523388116308471,0.6132208157524612,374,377,218,159,116,258,0.6338215712383488,0.63404445453127,0.6340444545312699
7,1,61,0.6038647342995169,0.6320474777448071,0.6684491978609626,0.5649867374005305,0.6345177664974619,0.596638655462185,374,377,213,164,124,250,0.6165113182423435,0.6167179676307466,0.6167179676307466
7,1,62,0.6182669789227166,0.6450617283950617,0.6965699208443272,0.5618279569892473,0.6550868486352358,0.6005747126436781,379,372,209,163,115,264,0.62982689747004,0.6291989389167872,0.6291989389167872
7,1,63,0.6339522546419099,0.6336898395721925,0.6356382978723404,0.632,0.6347941567065073,0.6328437917222964,376,375,237,138,137,239,0.6338215712383488,0.6338191489361702,0.6338191489361703
7,1,64,0.6417525773195877,0.6611570247933884,0.6693548387096774,0.633245382585752,0.6552631578947368,0.6469002695417789,372,379,240,139,123,249,0.6511318242343542,0.6513001106477148,0.6513001106477148
7,1,65,0.6258992805755396,0.6736526946107785,0.7054054054054054,0.5905511811023622,0.6632782719186785,0.6293706293706294,370,381,225,156,109,261,0.6471371504660453,0.6479782932538839,0.6479782932538838
7,1,66,0.6113861386138614,0.6570605187319885,0.674863387978142,0.5922077922077922,0.6415584415584414,0.6229508196721312,366,385,228,157,119,247,0.6324900133155792,0.6335355900929671,0.6335355900929671
7,1,67,0.6018518518518519,0.6144200626959248,0.6788511749347258,0.532608695652174,0.6380368098159509,0.5705967976710336,383,368,196,172,123,260,0.607190412782956,0.6057299352934498,0.6057299352934499
7,1,68,0.6237373737373737,0.6281690140845071,0.6517150395778364,0.5994623655913979,0.6374193548387096,0.6134800550206327,379,372,223,149,132,247,0.625832223701731,0.6255887025846172,0.6255887025846172
7,1,69,0.6043689320388349,0.6194690265486725,0.6587301587301587,0.5630026809651475,0.6303797468354431,0.5898876404494382,378,373,210,163,129,249,0.611185086551265,0.610866419847653,0.610866419847653
7,1,70,0.6585365853658537,0.6413612565445026,0.6394736842105263,0.660377358490566,0.6488651535380507,0.650730411686587,380,371,245,126,137,243,0.6498002663115846,0.6499255213505462,0.6499255213505463
7,1,71,0.5975609756097561,0.6480938416422287,0.6712328767123288,0.572538860103627,0.632258064516129,0.607977991746905,365,386,221,165,120,245,0.6205059920106525,0.6218858684079779,0.6218858684079779
7,1,72,0.6085972850678733,0.6504854368932039,0.713527851458886,0.5374331550802139,0.6568986568986569,0.5885797950219619,377,374,201,173,108,269,0.625832223701731,0.62548050326955,0.62548050326955
7,1,73,0.6289473684210526,0.6307277628032345,0.6356382978723404,0.624,0.6322751322751322,0.6273458445040214,376,375,234,141,137,239,0.62982689747004,0.6298191489361702,0.6298191489361703
7,1,74,0.5894495412844036,0.6222222222222222,0.6835106382978723,0.5226666666666666,0.6330049261083742,0.5681159420289855,376,375,196,179,119,257,0.6031957390146472,0.6030886524822695,0.6030886524822695
7,1,75,0.6096385542168675,0.6428571428571429,0.67828418230563,0.5714285714285714,0.6421319796954315,0.6050420168067226,373,378,216,162,120,253,0.6245006657789614,0.6248563768671007,0.6248563768671007
7,1,76,0.6331658291457286,0.6430594900849859,0.6666666666666666,0.6085790884718498,0.6494845360824741,0.62534435261708,378,373,227,146,126,252,0.6378162450066578,0.6376228775692583,0.6376228775692583
7,1,77,0.6380208333333334,0.6348773841961853,0.6464379947229552,0.6263440860215054,0.6422018348623854,0.6305818673883627,379,372,233,139,134,245,0.6364846870838882,0.6363910403722303,0.6363910403722303
7,1,78,0.6378896882494005,0.6826347305389222,0.7150537634408602,0.6015831134564644,0.6742712294043093,0.6395511921458626,372,379,228,151,106,266,0.6577896138482024,0.6583184384486623,0.6583184384486623
7,1,79,0.6236842105263158,0.6199460916442049,0.626984126984127,0.6166219839142091,0.6253298153034301,0.6182795698924732,378,373,230,143,141,237,0.6218375499334221,0.621803055449168,0.621803055449168
7,1,80,0.6347607052896725,0.655367231638418,0.6737967914438503,0.6153846153846154,0.6536964980544748,0.6347469220246238,374,377,232,145,122,252,0.644474034620506,0.6445907034142329,0.6445907034142329
7,1,81,0.6384039900249376,0.6542857142857142,0.6790450928381963,0.6122994652406417,0.6580976863753212,0.6325966850828729,377,374,229,145,121,256,0.6458055925432756,0.6456722790394189,0.645672279039419
7,1,82,0.6193853427895981,0.6432926829268293,0.6912928759894459,0.5672043010752689,0.6533665835411472,0.602857142857143,379,372,211,161,117,262,0.62982689747004,0.6292485885323573,0.6292485885323574
7,1,83,0.6495956873315364,0.6342105263157894,0.6342105263157894,0.6495956873315364,0.6418109187749667,0.6418109187749667,380,371,241,130,139,241,0.6418109187749668,0.6419031068236629,0.6419031068236629
7,1,84,0.5945273631840796,0.6074498567335244,0.6356382978723404,0.5653333333333334,0.6143958868894601,0.5856353591160222,376,375,212,163,137,239,0.6005326231691078,0.6004858156028368,0.6004858156028369
7,1,85,0.6285714285714286,0.6676737160120846,0.7058823529411765,0.5862068965517241,0.6649874055415617,0.6242937853107344,374,377,221,156,110,264,0.6458055925432756,0.6460446247464504,0.6460446247464502
7,1,86,0.631979695431472,0.6218487394957983,0.6484375,0.6049046321525886,0.6401028277634961,0.6132596685082873,384,367,222,145,135,249,0.6271637816245007,0.6266710660762943,0.6266710660762943
7,1,87,0.6108490566037735,0.6422018348623854,0.6888297872340425,0.56,0.6474999999999999,0.5982905982905983,376,375,210,165,117,259,0.6245006657789614,0.6244148936170213,0.6244148936170213
7,1,88,0.6229885057471264,0.6772151898734177,0.7265415549597856,0.5661375661375662,0.6707920792079207,0.61671469740634,373,378,214,164,102,271,0.6458055925432756,0.6463395605486758,0.6463395605486758
7,1,89,0.6142857142857143,0.6435045317220544,0.6861702127659575,0.568,0.6482412060301508,0.603399433427762,376,375,213,162,118,258,0.6271637816245007,0.6270851063829788,0.6270851063829788
7,1,90,0.6398963730569949,0.6438356164383562,0.6551724137931034,0.6283422459893048,0.6474442988204456,0.6359945872801083,377,374,235,139,130,247,0.6418109187749668,0.6417573298912042,0.6417573298912042
7,1,91,0.6200980392156863,0.6443148688046647,0.6746666666666666,0.5877659574468085,0.6462324393358876,0.6147426981919332,375,376,221,155,122,253,0.6311584553928096,0.6312163120567376,0.6312163120567377
7,1,92,0.5975308641975309,0.6184971098265896,0.6470588235294118,0.5676392572944297,0.6213093709884467,0.5919778699861687,374,377,214,163,132,242,0.607190412782956,0.6073490404119208,0.6073490404119206
7,1,93,0.6417910447761194,0.6934097421203438,0.7068493150684931,0.6269430051813472,0.6727509778357237,0.6585034013605442,365,386,242,144,107,258,0.6657789613848203,0.6668961601249201,0.6668961601249201
7,1,94,0.645,0.6638176638176638,0.6861702127659575,0.6213333333333333,0.6649484536082474,0.6418732782369145,376,375,233,142,118,258,0.6537949400798935,0.6537517730496454,0.6537517730496454
7,1,95,0.6103286384976526,0.6615384615384615,0.7027027027027027,0.5643044619422573,0.6532663316582915,0.6090651558073655,370,381,215,166,110,260,0.6324900133155792,0.6335035823224799,0.6335035823224799
7,1,96,0.5747663551401869,0.6191950464396285,0.6666666666666666,0.5235602094240838,0.6173149309912171,0.5673758865248227,369,382,200,182,123,246,0.5938748335552596,0.5951134380453751,0.5951134380453753
7,1,97,0.6241299303944315,0.678125,0.7231182795698925,0.5725593667546174,0.6699875466998755,0.6208869814020028,372,379,217,162,103,269,0.6471371504660453,0.6478388231622549,0.6478388231622549
7,1,98,0.6226415094339622,0.6452599388379205,0.6947368421052632,0.568733153638814,0.6567164179104478,0.6045845272206304,380,371,211,160,116,264,0.6324900133155792,0.6317349978720386,0.6317349978720386
7,1,99,0.5990453460620525,0.6385542168674698,0.6765498652291105,0.5578947368421052,0.6354430379746835,0.595505617977528,371,380,212,168,120,251,0.6165113182423435,0.6172223010356079,0.6172223010356079
9,1,0,0.65,0.6388140161725068,0.6482939632545932,0.6405405405405405,0.6491458607095927,0.6396761133603238,381,370,237,133,134,247,0.644474034620506,0.6444172518975668,0.6444172518975669
9,1,1,0.6380208333333334,0.6321525885558583,0.6447368421052632,0.6253369272237197,0.6413612565445026,0.6287262872628726,380,371,232,139,135,245,0.6351531291611185,0.6350368846644914,0.6350368846644915
9,1,2,0.6113744075829384,0.6565349544072948,0.6954177897574124,0.5684210526315789,0.6506935687263555,0.609308885754584,371,380,216,164,113,258,0.6311584553928096,0.6319194211944956,0.6319194211944956
9,1,3,0.6206030150753769,0.6402266288951841,0.660427807486631,0.5994694960212201,0.6398963730569949,0.6191780821917808,374,377,226,151,127,247,0.62982689747004,0.6299486517539256,0.6299486517539257
9,1,4,0.6056338028169014,0.6707692307692308,0.7068493150684931,0.5647668393782384,0.652338811630847,0.6132208157524613,365,386,218,168,107,258,0.6338215712383488,0.6358080772233657,0.6358080772233657
9,1,5,0.6033254156769596,0.6303030303030303,0.675531914893617,0.5546666666666666,0.6373902132998746,0.5900709219858156,376,375,208,167,122,254,0.6151797603195739,0.6150992907801418,0.6150992907801418
9,1,6,0.6267942583732058,0.6636636636636637,0.7005347593582888,0.5862068965517241,0.6616161616161615,0.6225352112676056,374,377,221,156,112,262,0.6431424766977364,0.6433708279550066,0.6433708279550066
9,1,7,0.6230769230769231,0.628808864265928,0.6445623342175066,0.606951871657754,0.6336375488917861,0.617687074829932,377,374,227,147,134,243,0.625832223701731,0.6257571029376303,0.6257571029376303
9,1,8,0.6211764705882353,0.6687116564417178,0.7096774193548387,0.575197889182058,0.6624843161856963,0.6184397163120567,372,379,218,161,108,264,0.6418109187749668,0.6424376542684485,0.6424376542684483
9,1,9,0.6064073226544623,0.6496815286624203,0.7066666666666667,0.5425531914893617,0.6527093596059114,0.5913043478260869,375,376,204,172,110,265,0.6245006657789614,0.6246099290780142,0.6246099290780142
9,1,10,0.5951327433628318,0.6421404682274248,0.7154255319148937,0.512,0.6497584541062802,0.56973293768546,376,375,192,183,107,269,0.6138482023968043,0.6137127659574468,0.6137127659574468
9,1,11,0.654911838790932,0.6384180790960452,0.6701030927835051,0.6225895316804407,0.6624203821656051,0.6304044630404463,388,363,226,137,128,260,0.6471371504660453,0.6463463122319729,0.6463463122319729
9,1,12,0.6386946386946387,0.6863354037267081,0.7306666666666667,0.5877659574468085,0.681592039800995,0.6332378223495702,375,376,221,155,101,274,0.6591211717709721,0.6592163120567376,0.6592163120567377
9,1,13,0.6098130841121495,0.6439628482972136,0.6941489361702128,0.5546666666666666,0.6492537313432836,0.5959885386819483,376,375,208,167,115,261,0.6245006657789614,0.6244078014184397,0.6244078014184398
9,1,14,0.6109725685785536,0.6228571428571429,0.649867374005305,0.5828877005347594,0.6298200514138816,0.6022099447513812,377,374,218,156,132,245,0.6165113182423435,0.6163775372700322,0.6163775372700322
9,1,15,0.5921052631578947,0.6508474576271186,0.7238605898123325,0.5079365079365079,0.6513872135102533,0.5705794947994056,373,378,192,186,103,270,0.6151797603195739,0.6158985488744202,0.6158985488744202
9,1,16,0.5938242280285035,0.6212121212121212,0.6666666666666666,0.5452127659574468,0.6281407035175879,0.5807365439093484,375,376,205,171,125,250,0.6058588548601864,0.6059397163120567,0.6059397163120569
9,1,17,0.649746192893401,0.6610644257703081,0.6790450928381963,0.6310160427807486,0.6640726329442282,0.6456908344733242,377,374,236,138,121,256,0.6551264980026631,0.6550305678094726,0.6550305678094724
9,1,18,0.6082725060827251,0.6147058823529412,0.6561679790026247,0.5648648648648649,0.6313131313131314,0.5887323943661972,381,370,209,161,131,250,0.611185086551265,0.6105164219337448,0.6105164219337448
9,1,19,0.6277915632754343,0.6379310344827587,0.6675461741424802,0.5967741935483871,0.6470588235294118,0.6166666666666667,379,372,222,150,126,253,0.6324900133155792,0.6321601838454336,0.6321601838454337
9,1,20,0.6172248803827751,0.6486486486486487,0.688,0.574468085106383,0.6506935687263555,0.609308885754584,375,376,216,160,117,258,0.6311584553928096,0.6312340425531915,0.6312340425531915
9,1,21,0.6148148148148148,0.6473988439306358,0.6711590296495957,0.5894736842105263,0.6417525773195876,0.6170798898071624,371,380,224,156,122,249,0.62982689747004,0.630316356930061,0.630316356930061
9,1,22,0.6234413965087282,0.6342857142857142,0.6613756613756614,0.5951742627345844,0.6418485237483954,0.6141078838174273,378,373,222,151,128,250,0.6284953395472703,0.6282749620551229,0.6282749620551229
9,1,23,0.6379310344827587,0.6579710144927536,0.6870026525198939,0.606951871657754,0.6615581098339719,0.631432545201669,377,374,227,147,118,259,0.6471371504660453,0.6469772620888239,0.646977262088824
9,1,24,0.616504854368932,0.6460176991150443,0.679144385026738,0.5809018567639257,0.6463104325699746,0.611731843575419,374,377,219,158,120,254,0.62982689747004,0.6300231208953319,0.6300231208953319
9,1,25,0.6,0.6392961876832844,0.6666666666666666,0.5706806282722513,0.631578947368421,0.603042876901798,369,382,218,164,123,246,0.6178428761651131,0.618673647469459,0.6186736474694591
9,1,26,0.6358974358974359,0.6426592797783933,0.6578249336870027,0.6203208556149733,0.6466753585397653,0.6312925170068028,377,374,232,142,129,248,0.6391478029294274,0.6390728946509879,0.639072894650988
9,1,27,0.6057007125890737,0.6575757575757576,0.6929347826086957,0.566579634464752,0.6463878326996197,0.6086956521739131,368,383,217,166,113,255,0.6284953395472703,0.6297572085367239,0.6297572085367238
9,1,28,0.5883838383838383,0.6056338028169014,0.6246648793565683,0.5687830687830688,0.6059817945383614,0.5866302864938607,373,378,215,163,140,233,0.596537949400799,0.5967239740698186,0.5967239740698186
9,1,29,0.6133651551312649,0.641566265060241,0.6835106382978723,0.568,0.6465408805031446,0.6025459688826025,376,375,213,162,119,257,0.625832223701731,0.6257553191489362,0.6257553191489362
9,1,30,0.6273584905660378,0.6758409785932722,0.7150537634408602,0.58311345646438,0.6683417085427135,0.6260623229461756,372,379,221,158,106,266,0.6484687083888149,0.64908360995262,0.6490836099526202
9,1,31,0.628175519630485,0.6572327044025157,0.7139107611548556,0.5648648648648649,0.6683046683046683,0.6075581395348837,381,370,209,161,109,272,0.640479360852197,0.6393878130098603,0.6393878130098603
9,1,32,0.6326034063260341,0.6588235294117647,0.6914893617021277,0.5973333333333334,0.6607369758576874,0.6265734265734265,376,375,224,151,116,260,0.644474034620506,0.6444113475177304,0.6444113475177304
9,1,33,0.6029055690072639,0.6183431952662722,0.6587301587301587,0.5603217158176944,0.629582806573957,0.5879043600562589,378,373,209,164,129,249,0.6098535286284953,0.6095259372739265,0.6095259372739266
9,1,34,0.583941605839416,0.6058823529411764,0.6417112299465241,0.5464190981432361,0.6114649681528661,0.5746164574616457,374,377,206,171,134,240,0.5938748335552596,0.5940651640448801,0.59406516404488
9,1,35,0.6174334140435835,0.6479289940828402,0.6818181818181818,0.5809018567639257,0.648030495552732,0.6125874125874127,374,377,219,158,119,255,0.6311584553928096,0.6313600192910537,0.6313600192910538
9,1,36,0.6136363636363636,0.6463022508038585,0.7105263157894737,0.5417789757412399,0.6585365853658537,0.5894428152492669,380,371,201,170,110,270,0.6271637816245007,0.6261526457653568,0.6261526457653568
9,1,37,0.6228287841191067,0.6522988505747126,0.6747311827956989,0.5989445910290238,0.6477419354838709,0.624484181568088,372,379,227,152,121,251,0.6364846870838882,0.6368378869123614,0.6368378869123614
9,1,38,0.6105527638190955,0.6373937677053825,0.6549865229110512,0.5921052631578947,0.6319895968790638,0.6139154160982264,371,380,225,155,128,243,0.6231691078561917,0.6235458930344728,0.6235458930344729
9,1,39,0.6428571428571429,0.6695652173913044,0.696,0.6143617021276596,0.6683738796414852,0.6407766990291263,375,376,231,145,114,261,0.6551264980026631,0.6551808510638297,0.6551808510638298
9,1,40,0.6370192307692307,0.6656716417910448,0.7029177718832891,0.5962566844919787,0.6683480453972256,0.6290550070521862,377,374,223,151,112,265,0.6498002663115846,0.6495872281876338,0.6495872281876338
9,1,41,0.6372549019607843,0.6297376093294461,0.6718346253229974,0.5934065934065934,0.6540880503144654,0.6110325318246111,387,364,216,148,127,260,0.6338215712383488,0.6326206093647955,0.6326206093647955
9,1,42,0.6216216216216216,0.6686046511627907,0.6893732970027248,0.5989583333333334,0.6537467700258398,0.6318681318681318,367,384,230,154,114,253,0.6431424766977364,0.644165815168029,0.6441658151680292
9,1,43,0.6477832512315271,0.663768115942029,0.6939313984168866,0.6155913978494624,0.6700636942675159,0.6387726638772663,379,372,229,143,116,263,0.6551264980026631,0.6547613981331746,0.6547613981331746
9,1,44,0.6092233009708737,0.6371681415929203,0.6711229946524064,0.5729442970822282,0.6386768447837149,0.6033519553072626,374,377,216,161,123,251,0.6218375499334221,0.6220336458673172,0.6220336458673174
9,1,45,0.5980861244019139,0.6336336336336337,0.6720430107526881,0.5567282321899736,0.6329113924050633,0.5926966292134832,372,379,211,168,122,250,0.6138482023968043,0.6143856214713308,0.6143856214713309
9,1,46,0.6195121951219512,0.6451612903225806,0.6773333333333333,0.5851063829787234,0.6471337579617834,0.6136680613668061,375,376,220,156,121,254,0.6311584553928096,0.6312198581560283,0.6312198581560284
9,1,47,0.6212121212121212,0.6535211267605634,0.6666666666666666,0.6073298429319371,0.6431372549019608,0.6295793758480326,369,382,232,150,123,246,0.6364846870838882,0.6369982547993018,0.636998254799302
9,1,48,0.6457286432160804,0.6685552407932012,0.6871657754010695,0.6259946949602122,0.6658031088082901,0.6465753424657534,374,377,236,141,117,257,0.6564580559254327,0.6565802351806408,0.6565802351806409
9,1,49,0.6170731707317073,0.6480938416422287,0.67828418230563,0.5846560846560847,0.6462324393358877,0.6147426981919333,373,378,221,157,120,253,0.6311584553928096,0.6314701334808573,0.6314701334808573
9,1,50,0.6058394160583942,0.6058823529411764,0.6501305483028721,0.5597826086956522,0.6272040302267003,0.5819209039548022,383,368,206,162,134,249,0.6058588548601864,0.6049565784992621,0.6049565784992622
9,1,51,0.6231527093596059,0.6579710144927536,0.6819407008086253,0.5973684210526315,0.6512226512226512,0.6262068965517241,371,380,227,153,118,253,0.6391478029294274,0.6396545609306283,0.6396545609306283
9,1,52,0.6305882352941177,0.6625766871165644,0.708994708994709,0.579088471849866,0.6674968866749688,0.6180257510729613,378,373,216,157,110,268,0.644474034620506,0.6440415904222874,0.6440415904222876
9,1,53,0.6111111111111112,0.6489028213166145,0.7021276595744681,0.552,0.6534653465346535,0.596541786743516,376,375,207,168,112,264,0.6271637816245007,0.6270638297872341,0.627063829787234
9,1,54,0.6146341463414634,0.6598240469208211,0.6847826086956522,0.587467362924282,0.647814910025707,0.6215469613259669,368,383,225,158,116,252,0.6351531291611185,0.6361249858099671,0.636124985809967
9,1,55,0.6129807692307693,0.6417910447761194,0.68,0.5718085106382979,0.6447534766118838,0.6047819971870605,375,376,215,161,120,255,0.625832223701731,0.625904255319149,0.6259042553191488
9,1,56,0.6189320388349514,0.6342182890855457,0.6728232189973615,0.5779569892473119,0.6447534766118836,0.6047819971870606,379,372,215,157,124,255,0.625832223701731,0.6253901041223366,0.6253901041223368
9,1,57,0.6314496314496314,0.6453488372093024,0.6781002638522428,0.5967741935483871,0.6539440203562341,0.6201117318435754,379,372,222,150,122,257,0.6378162450066578,0.637437228700315,0.6374372287003149
9,1,58,0.6298076923076923,0.6537313432835821,0.6931216931216931,0.5871313672922251,0.6599496221662469,0.6186440677966101,378,373,219,154,116,262,0.640479360852197,0.6401265302069591,0.6401265302069591
9,1,59,0.6052631578947368,0.6186186186186187,0.6657894736842105,0.555256064690027,0.6340852130325815,0.5852272727272727,380,371,206,165,127,253,0.611185086551265,0.6105227691871187,0.6105227691871188
9,1,60,0.628498727735369,0.6396648044692738,0.6569148936170213,0.6106666666666667,0.6423927178153447,0.6248294679399727,376,375,229,146,129,247,0.6338215712383488,0.633790780141844,0.633790780141844
9,1,61,0.6331658291457286,0.6430594900849859,0.6666666666666666,0.6085790884718498,0.6494845360824741,0.62534435261708,378,373,227,146,126,252,0.6378162450066578,0.6376228775692583,0.6376228775692583
9,1,62,0.6372795969773299,0.655367231638418,0.6746666666666666,0.6170212765957447,0.6554404145077719,0.6356164383561644,375,376,232,144,122,253,0.6458055925432756,0.6458439716312057,0.6458439716312058
9,1,63,0.6277372262773723,0.6617647058823529,0.6916890080428955,0.5952380952380952,0.6581632653061225,0.6267409470752089,373,378,225,153,115,258,0.6431424766977364,0.6434635516404954,0.6434635516404954
9,1,64,0.649616368286445,0.6388888888888888,0.6614583333333334,0.6267029972752044,0.655483870967742,0.6327372764786794,384,367,230,137,130,254,0.644474034620506,0.6440806653042689,0.6440806653042689
9,1,65,0.6455026455026455,0.6246648793565683,0.6354166666666666,0.6348773841961853,0.6404199475065617,0.6297297297297298,384,367,233,134,140,244,0.6351531291611185,0.635147025431426,0.6351470254314261
9,1,66,0.6266318537859008,0.6141304347826086,0.6282722513089005,0.6124661246612466,0.627450980392157,0.6132971506105834,382,369,226,143,142,240,0.6205059920106525,0.6203691879850736,0.6203691879850735
9,1,67,0.6234413965087282,0.6514285714285715,0.6720430107526881,0.6015831134564644,0.646830530401035,0.6255144032921811,372,379,228,151,122,250,0.6364846870838882,0.6368130621045763,0.6368130621045763
9,1,68,0.6311881188118812,0.6368876080691642,0.6692913385826772,0.5972972972972973,0.6496815286624203,0.6164574616457461,381,370,221,149,126,255,0.6338215712383488,0.6332943179399873,0.6332943179399873
9,1,69,0.6320987654320988,0.653179190751445,0.6808510638297872,0.6026666666666667,0.6555697823303457,0.6269070735090152,376,375,226,149,120,256,0.6418109187749668,0.641758865248227,0.641758865248227
9,1,70,0.6152019002375297,0.6212121212121212,0.6744791666666666,0.55858310626703,0.6434782608695653,0.5882352941176471,384,367,205,162,125,259,0.6178428761651131,0.6165311364668482,0.6165311364668483
9,1,71,0.6294536817102138,0.6666666666666666,0.7066666666666667,0.5851063829787234,0.6658291457286432,0.623229461756374,375,376,220,156,110,265,0.6458055925432756,0.645886524822695,0.645886524822695
9,1,72,0.6335877862595419,0.6480446927374302,0.664,0.6170212765957447,0.6484375,0.6321525885558582,375,376,232,144,126,249,0.640479360852197,0.6405106382978725,0.6405106382978724
9,1,73,0.6185567010309279,0.6418732782369146,0.6486486486486487,0.6115485564304461,0.633245382585752,0.6263440860215054,370,381,233,148,130,240,0.62982689747004,0.6300986025395474,0.6300986025395474
9,1,74,0.6122448979591837,0.637883008356546,0.6486486486486487,0.6010498687664042,0.6299212598425197,0.6189189189189189,370,381,229,152,130,240,0.6245006657789614,0.6248492587075265,0.6248492587075265
9,1,75,0.6256281407035176,0.6487252124645893,0.6675603217158177,0.6058201058201058,0.6459143968871595,0.6265389876880985,373,378,229,149,124,249,0.6364846870838882,0.6366902137679618,0.6366902137679618
9,1,76,0.6098130841121495,0.6191950464396285,0.6796875,0.5449591280653951,0.6428571428571428,0.5797101449275364,384,367,200,167,123,261,0.6138482023968043,0.6123233140326976,0.6123233140326976
9,1,77,0.6519607843137255,0.6793002915451894,0.7074468085106383,0.6213333333333333,0.6785714285714286,0.649025069637883,376,375,233,142,110,266,0.6644474034620506,0.6643900709219859,0.6643900709219857
9,1,78,0.625,0.6268221574344023,0.6657963446475196,0.5842391304347826,0.6447534766118836,0.6047819971870605,383,368,215,153,128,255,0.625832223701731,0.6250177375411511,0.6250177375411512
9,1,79,0.6241299303944315,0.696875,0.7349726775956285,0.5792207792207792,0.6750313676286073,0.6326241134751772,366,385,223,162,97,269,0.6551264980026631,0.6570967284082039,0.6570967284082039
9,1,80,0.6379746835443038,0.6544943820224719,0.672,0.6196808510638298,0.6545454545454545,0.6366120218579235,375,376,233,143,123,252,0.6458055925432756,0.645840425531915,0.6458404255319149
9,1,81,0.6435643564356436,0.6628242074927954,0.6896551724137931,0.6149732620320856,0.6658130601792573,0.6380027739251041,377,374,230,144,117,260,0.6524633821571239,0.6523142172229394,0.6523142172229395
9,1,82,0.6203473945409429,0.646551724137931,0.6702412868632708,0.5952380952380952,0.6443298969072165,0.6198347107438016,373,378,225,153,123,250,0.6324900133155792,0.6327396910506831,0.6327396910506831
9,1,83,0.6090047393364929,0.6474164133738601,0.6890080428954424,0.5634920634920635,0.6465408805031447,0.6025459688826026,373,378,213,165,116,257,0.625832223701731,0.6262500531937529,0.6262500531937529
9,1,84,0.6318407960199005,0.6303724928366762,0.6631853785900783,0.5978260869565217,0.6471337579617834,0.6136680613668062,383,368,220,148,129,254,0.6311584553928096,0.6305057327733,0.6305057327733
9,1,85,0.5932203389830508,0.6005917159763313,0.6447368421052632,0.5471698113207547,0.6179066834804541,0.5726375176304654,380,371,203,168,135,245,0.596537949400799,0.5959533267130089,0.5959533267130089
9,1,86,0.6208530805687204,0.6717325227963525,0.7081081081081081,0.5800524934383202,0.6616161616161617,0.6225352112676057,370,381,221,160,108,262,0.6431424766977364,0.6440803007732141,0.6440803007732141
9,1,87,0.6081081081081081,0.6579804560260586,0.72,0.5372340425531915,0.6593406593406593,0.5915080527086384,375,376,202,174,105,270,0.6284953395472703,0.6286170212765958,0.6286170212765957
9,1,88,0.6183574879227053,0.658753709198813,0.6900269541778976,0.5842105263157895,0.6522292993630573,0.6192468619246861,371,380,222,158,115,256,0.6364846870838882,0.6371187402468436,0.6371187402468436
9,1,89,0.612590799031477,0.6272189349112426,0.6675461741424802,0.5698924731182796,0.6388888888888888,0.5971830985915493,379,372,212,160,126,253,0.6191744340878829,0.6187193236303798,0.6187193236303798
9,1,90,0.6077097505668935,0.6580645161290323,0.7165775401069518,0.5411140583554377,0.6576687116564417,0.593886462882096,374,377,204,173,106,268,0.6284953395472703,0.6288457992311948,0.6288457992311948
9,1,91,0.6214285714285714,0.6586102719033232,0.6978609625668449,0.5782493368700266,0.6574307304785895,0.615819209039548,374,377,218,159,113,261,0.6378162450066578,0.6380551497184357,0.6380551497184358
9,1,92,0.612590799031477,0.6183431952662722,0.662303664921466,0.5663956639566395,0.6364779874213836,0.5912305516265912,382,369,209,160,129,253,0.6151797603195739,0.6143496644390527,0.6143496644390527
9,1,93,0.6221198156682027,0.6593059936908517,0.7142857142857143,0.5603217158176944,0.6650246305418719,0.6057971014492755,378,373,209,164,108,270,0.6378162450066578,0.6373037150517042,0.6373037150517045
9,1,94,0.6301020408163265,0.6434540389972145,0.6586666666666666,0.6143617021276596,0.6440677966101694,0.6285714285714286,375,376,231,145,128,247,0.6364846870838882,0.636514184397163,0.6365141843971632
9,1,95,0.6229885057471264,0.6772151898734177,0.7265415549597856,0.5661375661375662,0.6707920792079207,0.61671469740634,373,378,214,164,102,271,0.6458055925432756,0.6463395605486758,0.6463395605486758
9,1,96,0.6009501187648456,0.6484848484848484,0.6856368563685636,0.5602094240837696,0.640506329113924,0.6011235955056179,369,382,214,168,116,253,0.6218375499334221,0.6229231402261666,0.6229231402261667
9,1,97,0.63,0.6353276353276354,0.6631578947368421,0.601078167115903,0.6461538461538461,0.6177285318559558,380,371,223,148,128,252,0.6324900133155792,0.6321180309263724,0.6321180309263725
9,1,98,0.6345679012345679,0.6647398843930635,0.6890080428954424,0.6084656084656085,0.660668380462725,0.6353591160220995,373,378,230,148,116,257,0.6484687083888149,0.6487368256805254,0.6487368256805255
9,1,99,0.6099773242630385,0.6451612903225806,0.7097625329815304,0.5376344086021505,0.6560975609756098,0.5865102639296188,379,372,200,172,110,269,0.6245006657789614,0.6236984707918405,0.6236984707918404
11,1,0,0.6039119804400978,0.6345029239766082,0.6639784946236559,0.5725593667546174,0.6325224071702945,0.6019417475728155,372,379,217,162,125,247,0.6178428761651131,0.6182689306891367,0.6182689306891367
11,1,1,0.6292682926829268,0.6304985337243402,0.671875,0.5858310626702997,0.649874055415617,0.6073446327683616,384,367,215,152,126,258,0.62982689747004,0.6288530313351499,0.6288530313351499
11,1,2,0.6365914786967418,0.6590909090909091,0.679144385026738,0.6153846153846154,0.6571798188874515,0.6364883401920438,374,377,232,145,120,254,0.6471371504660453,0.6472645002056767,0.6472645002056768
11,1,3,0.6682808716707022,0.6775147928994083,0.7168831168831169,0.6256830601092896,0.6917293233082706,0.6505681818181819,385,366,229,137,109,276,0.6724367509986684,0.6712830884962032,0.6712830884962033
11,1,4,0.6115107913669064,0.625748502994012,0.6710526315789473,0.5633423180592992,0.6398996235884566,0.5929078014184397,380,371,209,162,125,255,0.6178428761651131,0.6171974748191232,0.6171974748191233
11,1,5,0.6278538812785388,0.6805111821086262,0.7333333333333333,0.5664893617021277,0.6765067650676507,0.6182873730043542,375,376,213,163,100,275,0.6498002663115846,0.6499113475177305,0.6499113475177305
11,1,6,0.6116279069767442,0.6635514018691588,0.7088948787061995,0.5605263157894737,0.6566791510611736,0.6077032810271042,371,380,213,167,108,263,0.6338215712383488,0.6347105972478366,0.6347105972478365
11,1,7,0.6464891041162227,0.6775147928994083,0.7101063829787234,0.6106666666666667,0.6768060836501901,0.6423562412342216,376,375,229,146,109,267,0.6604527296937417,0.6603865248226951,0.660386524822695
11,1,8,0.6683168316831684,0.6887608069164265,0.7142857142857143,0.6407506702412868,0.690537084398977,0.6638888888888888,378,373,239,134,108,270,0.677762982689747,0.6775181922635005,0.6775181922635005
11,1,9,0.6319612590799032,0.6568047337278107,0.6923076923076923,0.5935828877005348,0.6607594936708862,0.6235955056179775,377,374,222,152,116,261,0.6431424766977364,0.6429452900041134,0.6429452900041136
11,1,10,0.6094808126410836,0.672077922077922,0.7277628032345014,0.5447368421052632,0.6633906633906634,0.6017441860465116,371,380,207,173,101,270,0.6351531291611185,0.6362498226698823,0.6362498226698823
11,1,11,0.6246973365617433,0.6597633136094675,0.6916890080428955,0.58994708994709,0.6564885496183207,0.622905027932961,373,378,223,155,115,258,0.640479360852197,0.6408180489949927,0.6408180489949927
11,1,12,0.6314496314496314,0.6337209302325582,0.6710182767624021,0.592391304347826,0.650632911392405,0.6123595505617978,383,368,218,150,126,257,0.6324900133155792,0.6317047905551141,0.6317047905551141
11,1,13,0.638095238095238,0.6827794561933535,0.7184986595174263,0.5978835978835979,0.6759142496847415,0.6375176304654443,373,378,226,152,105,268,0.6577896138482024,0.6581911287005121,0.6581911287005121
11,1,14,0.6161137440758294,0.6565349544072948,0.6970509383378016,0.5714285714285714,0.6540880503144655,0.6110325318246109,373,378,216,162,113,260,0.6338215712383488,0.6342397548831865,0.6342397548831865
11,1,15,0.6111111111111112,0.6489028213166145,0.7021276595744681,0.552,0.6534653465346535,0.596541786743516,376,375,207,168,112,264,0.6271637816245007,0.6270638297872341,0.627063829787234
11,1,16,0.5933806146572104,0.6341463414634146,0.6765498652291105,0.5473684210526316,0.6322418136020151,0.5875706214689266,371,380,208,172,120,251,0.611185086551265,0.6119591431408711,0.611959143140871
11,1,17,0.628361858190709,0.6374269005847953,0.6745406824146981,0.5891891891891892,0.650632911392405,0.6123595505617977,381,370,218,152,124,257,0.6324900133155792,0.6318649358019436,0.6318649358019437
11,1,18,0.6252983293556086,0.6656626506024096,0.7024128686327078,0.5846560846560847,0.6616161616161617,0.6225352112676057,373,378,221,157,111,262,0.6431424766977364,0.6435344766443962,0.6435344766443962
11,1,19,0.6378896882494005,0.6826347305389222,0.7150537634408602,0.6015831134564644,0.6742712294043093,0.6395511921458626,372,379,228,151,106,266,0.6577896138482024,0.6583184384486623,0.6583184384486623
11,1,20,0.6285046728971962,0.6594427244582043,0.7097625329815304,0.5725806451612904,0.6666666666666666,0.6129496402877698,379,372,213,159,110,269,0.6418109187749668,0.6411715890714104,0.6411715890714105
11,1,21,0.6163366336633663,0.654178674351585,0.6747967479674797,0.5942408376963351,0.6442432082794308,0.6227709190672154,369,382,227,155,120,249,0.6338215712383488,0.6345187928319074,0.6345187928319074
11,1,22,0.628992628992629,0.6424418604651163,0.6754617414248021,0.5940860215053764,0.6513994910941475,0.61731843575419,379,372,221,151,123,256,0.6351531291611185,0.6347738814650893,0.6347738814650893
11,1,23,0.6423357664233577,0.6794117647058824,0.707774798927614,0.6111111111111112,0.673469387755102,0.6434540389972144,373,378,231,147,109,264,0.6591211717709721,0.6594429550193626,0.6594429550193626
11,1,24,0.619815668202765,0.6656151419558359,0.7173333333333334,0.5611702127659575,0.6650185414091471,0.608946608946609,375,376,211,165,106,269,0.6391478029294274,0.6392517730496454,0.6392517730496454
11,1,25,0.5947867298578199,0.6322188449848024,0.6747311827956989,0.5488126649076517,0.632241813602015,0.5875706214689266,372,379,208,171,121,251,0.611185086551265,0.6117719238516752,0.6117719238516754
11,1,26,0.6051502145922747,0.6701754385964912,0.75,0.5093333333333333,0.669833729216152,0.5787878787878787,376,375,191,184,94,282,0.62982689747004,0.6296666666666668,0.6296666666666666
11,1,27,0.6046511627906976,0.6355140186915887,0.6896551724137931,0.5454545454545454,0.644361833952912,0.5870503597122301,377,374,204,170,117,260,0.6178428761651131,0.6175548589341693,0.6175548589341693
11,1,28,0.6363636363636364,0.6569767441860465,0.6870026525198939,0.6042780748663101,0.6607142857142857,0.6295264623955431,377,374,226,148,118,259,0.6458055925432756,0.645640363693102,0.6456403636931021
11,1,29,0.6314496314496314,0.6656976744186046,0.6908602150537635,0.604221635883905,0.6598202824133504,0.6334716459197787,372,379,229,150,115,257,0.6471371504660453,0.6475409254688342,0.6475409254688342
11,1,30,0.6278538812785388,0.6613418530351438,0.7217847769028871,0.5594594594594594,0.6715506715506715,0.6061493411420205,381,370,207,163,106,275,0.6418109187749668,0.6406221181811733,0.6406221181811732
11,1,31,0.6234413965087282,0.6485714285714286,0.6702412868632708,0.6005291005291006,0.6459948320413437,0.6236263736263737,373,378,227,151,123,250,0.6351531291611185,0.6353851936961856,0.6353851936961856
11,1,32,0.6314553990610329,0.6738461538461539,0.7173333333333334,0.5824468085106383,0.6716604244694132,0.6248216833095578,375,376,219,157,106,269,0.6498002663115846,0.6498900709219858,0.6498900709219859
11,1,33,0.6292682926829268,0.656891495601173,0.688,0.5957446808510638,0.6573248407643312,0.6248256624825663,375,376,224,152,117,258,0.6418109187749668,0.6418723404255318,0.6418723404255318
11,1,34,0.629976580796253,0.6604938271604939,0.7097625329815304,0.5752688172043011,0.6674937965260546,0.6149425287356322,379,372,214,158,110,269,0.6431424766977364,0.6425156750929157,0.6425156750929157
11,1,35,0.6274509803921569,0.6443148688046647,0.6772486772486772,0.5924932975871313,0.6513994910941476,0.6173184357541899,378,373,221,152,122,256,0.6351531291611185,0.6348709874179043,0.6348709874179043
11,1,36,0.6146788990825688,0.6571428571428571,0.7127659574468085,0.552,0.6600985221674877,0.6000000000000001,376,375,207,168,108,268,0.6324900133155792,0.6323829787234043,0.6323829787234042
11,1,37,0.6164705882352941,0.6319018404907976,0.6858638743455497,0.5582655826558266,0.6493184634448574,0.5928057553956835,382,369,206,163,120,262,0.6231691078561917,0.6220647285006881,0.6220647285006882
11,1,38,0.6344339622641509,0.6758409785932722,0.7173333333333334,0.5877659574468085,0.6733416770963705,0.6287339971550497,375,376,221,155,106,269,0.6524633821571239,0.652549645390071,0.652549645390071
11,1,39,0.6815789473684211,0.6630727762803235,0.6744791666666666,0.670299727520436,0.6780104712041886,0.6666666666666666,384,367,246,121,125,259,0.6724367509986684,0.6723894470935512,0.6723894470935513
11,1,40,0.6313253012048192,0.6607142857142857,0.6968085106382979,0.592,0.6624525916561316,0.6244725738396625,376,375,222,153,114,262,0.644474034620506,0.6444042553191489,0.6444042553191489
11,1,41,0.6215538847117794,0.6619318181818182,0.6757493188010899,0.6067708333333334,0.6475195822454308,0.6331521739130435,367,384,233,151,119,248,0.640479360852197,0.6412600760672116,0.6412600760672117
11,1,42,0.5989847715736041,0.5994397759103641,0.6226912928759895,0.5752688172043011,0.6106080206985769,0.5871056241426612,379,372,214,158,143,236,0.5992010652463382,0.5989800550401452,0.5989800550401453
11,1,43,0.634032634032634,0.6863354037267081,0.7292225201072386,0.5846560846560847,0.6783042394014963,0.6314285714285713,373,378,221,157,101,272,0.6564580559254327,0.6569393023816616,0.6569393023816616
11,1,44,0.6330049261083743,0.663768115942029,0.6890080428954424,0.6058201058201058,0.6598202824133504,0.6334716459197787,373,378,229,149,116,257,0.6471371504660453,0.6474140743577741,0.6474140743577741
11,1,45,0.6314553990610329,0.6646153846153846,0.7116402116402116,0.579088471849866,0.6691542288557213,0.6189111747851003,378,373,216,157,109,269,0.6458055925432756,0.6453643417450388,0.6453643417450388
11,1,46,0.640506329113924,0.6179775280898876,0.6503856041131105,0.6077348066298343,0.6454081632653061,0.6128133704735376,389,362,220,142,136,253,0.62982689747004,0.6290602053714724,0.6290602053714724
11,1,47,0.6188235294117647,0.6656441717791411,0.706989247311828,0.5725593667546174,0.6599749058971143,0.6156028368794327,372,379,217,162,109,263,0.6391478029294274,0.6397743070332227,0.6397743070332227
11,1,48,0.6330049261083743,0.6405797101449275,0.6745406824146981,0.5972972972972973,0.653113087674714,0.6181818181818183,381,370,221,149,124,257,0.6364846870838882,0.6359189898559977,0.6359189898559977
11,1,49,0.6197183098591549,0.683076923076923,0.7193460490463215,0.578125,0.665825977301387,0.6262341325811001,367,384,222,162,103,264,0.6471371504660453,0.6487355245231607,0.6487355245231607
11,1,50,0.6390243902439025,0.6627565982404692,0.6949602122015915,0.6042780748663101,0.6658195679796697,0.632167832167832,377,374,226,148,115,262,0.6498002663115846,0.6496191435339508,0.6496191435339508
11,1,51,0.6157517899761337,0.6656626506024096,0.6991869918699187,0.5785340314136126,0.6548223350253807,0.6190476190476191,369,382,221,161,111,258,0.6378162450066578,0.6388605116417656,0.6388605116417656
11,1,52,0.6340852130325815,0.6590909090909091,0.67828418230563,0.6137566137566137,0.655440414507772,0.6356164383561644,373,378,232,146,120,253,0.6458055925432756,0.6460203980311219,0.6460203980311219
11,1,53,0.6801007556675063,0.6751412429378532,0.7012987012987013,0.6530054644808743,0.690537084398977,0.6638888888888889,385,366,239,127,115,270,0.677762982689747,0.6771520828897878,0.6771520828897878
11,1,54,0.6064073226544623,0.6560509554140127,0.710455764075067,0.544973544973545,0.654320987654321,0.5953757225433526,373,378,206,172,108,265,0.6271637816245007,0.6277146545243061,0.6277146545243061
11,1,55,0.6683544303797468,0.6404494382022472,0.673469387755102,0.6350974930362117,0.6709021601016518,0.6377622377622377,392,359,228,131,128,264,0.6551264980026631,0.6542834403956569,0.6542834403956569
11,1,56,0.6162790697674418,0.6542056074766355,0.7047872340425532,0.56,0.6575682382133995,0.6034482758620691,376,375,210,165,111,265,0.6324900133155792,0.6323936170212766,0.6323936170212766
11,1,57,0.615909090909091,0.6720257234726688,0.7265415549597856,0.5529100529100529,0.6666666666666667,0.6066763425253991,373,378,209,169,102,271,0.6391478029294274,0.6397258039349192,0.6397258039349193
11,1,58,0.6202830188679245,0.6483180428134556,0.6957671957671958,0.5683646112600537,0.655860349127182,0.6057142857142859,378,373,212,161,115,263,0.6324900133155792,0.6320659035136247,0.6320659035136247
11,1,59,0.6150121065375302,0.6597633136094675,0.6883468834688347,0.5837696335078534,0.649616368286445,0.6194444444444445,369,382,223,159,115,254,0.6351531291611185,0.636058258488344,0.6360582584883441
11,1,60,0.6169265033407573,0.6788079470198676,0.7406417112299465,0.5437665782493368,0.6731470230862697,0.6038291605301915,374,377,205,172,97,277,0.6418109187749668,0.6422041447396416,0.6422041447396417
11,1,61,0.6428571428571429,0.6676737160120846,0.7105263157894737,0.5956873315363881,0.6749999999999999,0.6296296296296295,380,371,221,150,110,270,0.6537949400798935,0.6531068236629309,0.6531068236629308
11,1,62,0.6078886310904872,0.65625,0.7043010752688172,0.554089709762533,0.6525529265255292,0.6008583690987125,372,379,210,169,110,262,0.6284953395472703,0.6291953925156751,0.6291953925156752
11,1,63,0.6219512195121951,0.6422287390029325,0.6763925729442971,0.5855614973262032,0.648030495552732,0.6125874125874126,377,374,219,155,122,255,0.6311584553928096,0.6309770351352502,0.63097703513525
11,1,64,0.6134259259259259,0.6677115987460815,0.7142857142857143,0.5605263157894737,0.6600249066002492,0.6094420600858369,371,380,213,167,106,265,0.6364846870838882,0.6374060150375941,0.637406015037594
11,1,65,0.6095890410958904,0.65814696485623,0.713903743315508,0.5464190981432361,0.6576354679802955,0.5971014492753624,374,377,206,171,107,267,0.62982689747004,0.630161420729372,0.630161420729372
11,1,66,0.6464891041162227,0.6745562130177515,0.7082228116710876,0.6096256684491979,0.6759493670886075,0.6404494382022471,377,374,228,146,110,267,0.6591211717709721,0.6589242400601427,0.6589242400601427
11,1,67,0.6172566371681416,0.6923076923076923,0.7520215633423181,0.5447368421052632,0.678007290400972,0.609720176730486,371,380,207,173,92,279,0.6471371504660453,0.6483792027237907,0.6483792027237906
11,1,68,0.615909090909091,0.662379421221865,0.7207446808510638,0.5493333333333333,0.6642156862745099,0.6005830903790088,376,375,206,169,105,271,0.6351531291611185,0.6350390070921986,0.6350390070921985
11,1,69,0.6419753086419753,0.6560693641618497,0.6860158311345647,0.6102150537634409,0.6632653061224489,0.6323119777158774,379,372,227,145,119,260,0.6484687083888149,0.6481154424490028,0.6481154424490028
11,1,70,0.6322418136020151,0.6412429378531074,0.6640211640211641,0.6085790884718498,0.6477419354838709,0.6244841815680879,378,373,227,146,127,251,0.6364846870838882,0.636300126246507,0.6363001262465069
11,1,71,0.6357142857142857,0.6676737160120846,0.7082228116710876,0.5909090909090909,0.6700125470514429,0.6269503546099291,377,374,221,153,110,267,0.6498002663115846,0.6495659512900892,0.6495659512900893
11,1,72,0.6180048661800487,0.6558823529411765,0.6846361185983828,0.5868421052631579,0.6496163682864451,0.6194444444444445,371,380,223,157,117,254,0.6351531291611185,0.6357391119307703,0.6357391119307703
11,1,73,0.6078886310904872,0.65,0.7005347593582888,0.5517241379310345,0.6509316770186336,0.5968436154949784,374,377,208,169,112,262,0.625832223701731,0.6261294486446616,0.6261294486446617
11,1,74,0.6107226107226107,0.6583850931677019,0.7043010752688172,0.5593667546174143,0.6541822721598002,0.6048502139800286,372,379,212,167,110,262,0.6311584553928096,0.6318339149431158,0.6318339149431158
11,1,75,0.628992628992629,0.6627906976744186,0.6881720430107527,0.6015831134564644,0.6572528883183568,0.6307053941908715,372,379,228,151,116,256,0.644474034620506,0.6448775782336087,0.6448775782336087
11,1,76,0.6354430379746835,0.6713483146067416,0.6820652173913043,0.6240208877284595,0.6579292267365661,0.6468200270635995,368,383,239,144,117,251,0.6524633821571239,0.6530430525598818,0.6530430525598818
11,1,77,0.6298076923076923,0.6597014925373135,0.6968085106382979,0.5893333333333334,0.6616161616161615,0.6225352112676056,376,375,221,154,114,262,0.6431424766977364,0.6430709219858155,0.6430709219858156
11,1,78,0.6328502415458938,0.6439169139465876,0.6858638743455497,0.5880758807588076,0.6582914572864322,0.6147308781869688,382,369,217,152,120,262,0.6378162450066578,0.6369698775521786,0.6369698775521786
11,1,79,0.619277108433735,0.6488095238095238,0.6853333333333333,0.5797872340425532,0.6506329113924051,0.6123595505617977,375,376,218,158,118,257,0.6324900133155792,0.6325602836879433,0.6325602836879433
11,1,80,0.6109725685785536,0.6314285714285715,0.6550802139037433,0.5862068965517241,0.632258064516129,0.6079779917469051,374,377,221,156,129,245,0.6205059920106525,0.6206435552277338,0.6206435552277336
11,1,81,0.6502463054187192,0.6608695652173913,0.6929133858267716,0.6162162162162163,0.6709021601016518,0.6377622377622377,381,370,228,142,117,264,0.6551264980026631,0.6545648010214938,0.654564801021494
11,1,82,0.6180048661800487,0.6470588235294118,0.679144385026738,0.583554376657825,0.6471337579617835,0.6136680613668062,374,377,220,157,120,254,0.6311584553928096,0.6313493808422815,0.6313493808422814
11,1,83,0.6144578313253012,0.6428571428571429,0.68,0.574468085106383,0.6455696202531646,0.6067415730337079,375,376,216,160,120,255,0.6271637816245007,0.6272340425531916,0.6272340425531915
11,1,84,0.628361858190709,0.6578947368421053,0.6871657754010695,0.596816976127321,0.6564495530012772,0.6258692628650905,374,377,225,152,117,257,0.6418109187749668,0.6419913757641952,0.6419913757641953
11,1,85,0.6261467889908257,0.6666666666666666,0.7222222222222222,0.5630026809651475,0.6707616707616707,0.6104651162790699,378,373,210,163,105,273,0.6431424766977364,0.6426124515936849,0.6426124515936849
11,1,86,0.6197530864197531,0.661849710982659,0.6820652173913043,0.597911227154047,0.6494178525226391,0.6282578875171467,368,383,229,154,117,251,0.6391478029294274,0.6399882222726756,0.6399882222726757
11,1,87,0.6276849642004774,0.6656626506024096,0.7032085561497327,0.5862068965517241,0.6633039092055486,0.623413258110014,374,377,221,156,111,263,0.644474034620506,0.6447077263507284,0.6447077263507284
11,1,88,0.6244131455399061,0.6492307692307693,0.7,0.568733153638814,0.6600496277915632,0.6063218390804598,380,371,211,160,114,266,0.6351531291611185,0.634366576819407,0.634366576819407
11,1,89,0.6439024390243903,0.656891495601173,0.6929133858267716,0.6054054054054054,0.6675094816687737,0.630098452883263,381,370,224,146,117,264,0.6498002663115846,0.6491593956160886,0.6491593956160885
11,1,90,0.6212471131639723,0.660377358490566,0.713527851458886,0.5614973262032086,0.6641975308641975,0.606936416184971,377,374,210,164,108,269,0.6378162450066578,0.6375125888310473,0.6375125888310471
11,1,91,0.6276849642004774,0.6506024096385542,0.6939313984168866,0.5806451612903226,0.6591478696741855,0.6136363636363636,379,372,216,156,116,263,0.6378162450066578,0.6372882798536046,0.6372882798536046
11,1,92,0.6189320388349514,0.6519174041297935,0.6836461126005362,0.5846560846560847,0.6496815286624203,0.6164574616457461,373,378,221,157,118,255,0.6338215712383488,0.6341510986283104,0.6341510986283104
11,1,93,0.6309794988610479,0.6826923076923077,0.7367021276595744,0.568,0.6797546012269939,0.6200873362445415,376,375,213,162,99,277,0.6524633821571239,0.6523510638297872,0.6523510638297872
11,1,94,0.6339066339066339,0.6511627906976745,0.6825396825396826,0.6005361930294906,0.6573248407643312,0.6248256624825663,378,373,224,149,120,258,0.6418109187749668,0.6415379377845866,0.6415379377845866
11,1,95,0.6095238095238096,0.6555891238670695,0.6918918918918919,0.5695538057742782,0.6481012658227848,0.6095505617977528,370,381,217,164,114,256,0.62982689747004,0.630722848833085,0.630722848833085
11,1,96,0.5914489311163895,0.6242424242424243,0.6675603217158177,0.544973544973545,0.6272040302267002,0.5819209039548023,373,378,206,172,124,249,0.6058588548601864,0.6062669333446813,0.6062669333446814
11,1,97,0.6214953271028038,0.6873065015479877,0.7247956403269755,0.578125,0.669182389937107,0.628005657708628,367,384,222,162,101,266,0.6498002663115846,0.6514603201634878,0.6514603201634878
11,1,98,0.6485148514851485,0.6772334293948127,0.7005347593582888,0.623342175066313,0.6735218508997429,0.649171270718232,374,377,235,142,112,262,0.6617842876165113,0.661938467212301,0.6619384672123009
11,1,99,0.6258992805755396,0.6497005988023952,0.6904761904761905,0.5817694369973191,0.6566037735849057,0.613861386138614,378,373,217,156,117,261,0.6364846870838882,0.6361228137367547,0.6361228137367548
13,1,0,0.6240786240786241,0.6424418604651163,0.6737400530503979,0.5909090909090909,0.6479591836734693,0.615598885793872,377,374,221,153,123,254,0.6324900133155792,0.6323245719797443,0.6323245719797443
13,1,1,0.6447688564476886,0.6764705882352942,0.7066666666666667,0.6117021276595744,0.6743002544529262,0.6424581005586592,375,376,230,146,110,265,0.6591211717709721,0.6591843971631205,0.6591843971631205
13,1,2,0.655328798185941,0.7161290322580646,0.76657824933687,0.5935828877005348,0.706601466992665,0.649122807017544,377,374,222,152,88,289,0.6804260985352862,0.6800805685187024,0.6800805685187024
13,1,3,0.6277915632754343,0.6781609195402298,0.6931506849315069,0.6113989637305699,0.6588541666666666,0.6430517711171662,365,386,236,150,112,253,0.6511318242343542,0.6522748243310383,0.6522748243310383
13,1,4,0.6313253012048192,0.6815476190476191,0.7100271002710027,0.599476439790576,0.6683673469387754,0.6378830083565459,369,382,229,153,107,262,0.6537949400798935,0.6547517700307893,0.6547517700307894
13,1,5,0.6253041362530414,0.6470588235294118,0.6816976127320955,0.5882352941176471,0.6522842639593909,0.6162464985994398,377,374,220,154,120,257,0.6351531291611185,0.6349664534248712,0.6349664534248713
13,1,6,0.6210268948655256,0.6345029239766082,0.6701846965699209,0.5833333333333334,0.6446700507614214,0.607843137254902,379,372,217,155,125,254,0.6271637816245007,0.626759014951627,0.6267590149516271
13,1,7,0.6555269922879178,0.6657458563535912,0.6781914893617021,0.6426666666666667,0.6666666666666667,0.6540027137042063,376,375,241,134,121,255,0.6604527296937417,0.6604290780141845,0.6604290780141845
13,1,8,0.6359102244389028,0.6371428571428571,0.6675392670157068,0.6043360433604336,0.6513409961685823,0.6203059805285117,382,369,223,146,127,255,0.6364846870838882,0.6359376551880702,0.6359376551880701
13,1,9,0.6207729468599034,0.6706231454005934,0.6983695652173914,0.5900783289817232,0.6572890025575449,0.6277777777777777,368,383,226,157,111,257,0.6431424766977364,0.6442239470995573,0.6442239470995573
13,1,10,0.6421800947867299,0.6747720364741642,0.716931216931217,0.5951742627345844,0.6775,0.6324786324786325,378,373,222,151,107,271,0.6564580559254327,0.6560527398329007,0.6560527398329007
13,1,11,0.641860465116279,0.6884735202492211,0.7340425531914894,0.5893333333333334,0.684863523573201,0.6350574712643678,376,375,221,154,100,276,0.6617842876165113,0.6616879432624113,0.6616879432624113
13,1,12,0.6214285714285714,0.6525679758308157,0.6941489361702128,0.576,0.6557788944723619,0.6118980169971672,376,375,216,159,115,261,0.6351531291611185,0.6350744680851064,0.6350744680851064
13,1,13,0.6344339622641509,0.6880733944954128,0.7250673854447439,0.5921052631578947,0.6767295597484276,0.6364922206506364,371,380,225,155,102,269,0.6577896138482024,0.6585863243013192,0.6585863243013192
13,1,14,0.6208530805687204,0.662613981762918,0.7024128686327078,0.5767195767195767,0.6591194968553459,0.6166902404526167,373,378,218,160,111,262,0.6391478029294274,0.6395662226761423,0.6395662226761423
13,1,15,0.6476190476190476,0.6858006042296072,0.723404255319149,0.6053333333333333,0.6834170854271358,0.6430594900849858,376,375,227,148,104,272,0.6644474034620506,0.6643687943262411,0.6643687943262411
13,1,16,0.6142857142857143,0.6193353474320241,0.671875,0.55858310626703,0.6417910447761194,0.5873925501432664,384,367,205,162,126,258,0.6165113182423435,0.615229053133515,0.615229053133515
13,1,17,0.6267942583732058,0.6606606606606606,0.6986666666666667,0.5851063829787234,0.66078184110971,0.6205923836389281,375,376,220,156,113,262,0.6418109187749668,0.641886524822695,0.641886524822695
13,1,18,0.651219512195122,0.6832844574780058,0.712,0.6196808510638298,0.6802547770700638,0.6499302649930264,375,376,233,143,108,267,0.6657789613848203,0.6658404255319149,0.6658404255319148
13,1,19,0.6327543424317618,0.6494252873563219,0.6763925729442971,0.6042780748663101,0.6538461538461539,0.6260387811634348,377,374,226,148,122,255,0.640479360852197,0.6403353239053037,0.6403353239053036
13,1,20,0.6594202898550725,0.6706231454005934,0.7109375,0.6158038147138964,0.6842105263157895,0.6420454545454546,384,367,226,141,111,273,0.6644474034620506,0.6633706573569482,0.6633706573569482
13,1,21,0.6037296037296037,0.6677018633540373,0.7076502732240437,0.5584415584415584,0.6515723270440251,0.6082036775106081,366,385,215,170,107,259,0.6311584553928096,0.6330459158328011,0.6330459158328011
13,1,22,0.6683804627249358,0.6464088397790055,0.6701030927835051,0.6446280991735537,0.6692406692406693,0.6455172413793103,388,363,234,129,128,260,0.6577896138482024,0.6573655959785294,0.6573655959785295
13,1,23,0.6076555023923444,0.6426426426426426,0.6809651474530831,0.5661375661375662,0.6422250316055625,0.6019690576652603,373,378,214,164,119,254,0.6231691078561917,0.6235513567953247,0.6235513567953246
13,1,24,0.6150234741784038,0.6646153846153846,0.706199460916442,0.5684210526315789,0.657465495608532,0.6127659574468085,371,380,216,164,109,262,0.6364846870838882,0.6373102567740105,0.6373102567740105
13,1,25,0.6238532110091743,0.6571428571428571,0.7157894736842105,0.5579514824797843,0.6666666666666666,0.6034985422740524,380,371,207,164,108,272,0.6378162450066578,0.6368704780819975,0.6368704780819974
13,1,26,0.6229508196721312,0.6358024691358025,0.6927083333333334,0.5613079019073569,0.6559802712700371,0.5962373371924746,384,367,206,161,118,266,0.6284953395472703,0.6270081176203453,0.627008117620345
13,1,27,0.6183574879227053,0.6706231454005934,0.6975476839237057,0.5885416666666666,0.6555697823303457,0.6269070735090152,367,384,226,158,111,256,0.6418109187749668,0.6430446752951863,0.6430446752951862
13,1,28,0.6352657004830918,0.655786350148368,0.6939313984168866,0.5940860215053764,0.6633039092055486,0.6234132581100141,379,372,221,151,116,263,0.644474034620506,0.6440087099611316,0.6440087099611316
13,1,29,0.6475195822454308,0.6358695652173914,0.6492146596858639,0.6341463414634146,0.6483660130718953,0.6350067842605156,382,369,234,135,134,248,0.6418109187749668,0.6416805005746393,0.6416805005746393
13,1,30,0.6039119804400978,0.631578947368421,0.6621983914209115,0.5714285714285714,0.6317135549872122,0.6,373,378,216,162,126,247,0.6165113182423435,0.6168134814247415,0.6168134814247415
13,1,31,0.639618138424821,0.6807228915662651,0.7165775401069518,0.5994694960212201,0.6759142496847415,0.6375176304654443,374,377,226,151,106,268,0.6577896138482024,0.6580235180640859,0.658023518064086
13,1,32,0.5939675174013921,0.64375,0.6918918918918919,0.5406824146981627,0.6392009987515606,0.5877318116975749,370,381,206,175,114,256,0.6151797603195739,0.6162871532950274,0.6162871532950274
13,1,33,0.6359338061465721,0.6585365853658537,0.7060367454068242,0.5837837837837838,0.6691542288557215,0.6189111747851004,381,370,216,154,112,269,0.6458055925432756,0.644910264595304,0.644910264595304
13,1,34,0.6381909547738693,0.6543909348441926,0.675531914893617,0.616,0.6563307493540051,0.6346153846153846,376,375,231,144,122,254,0.6458055925432756,0.6457659574468084,0.6457659574468084
13,1,35,0.6426799007444168,0.6781609195402298,0.6981132075471698,0.6210526315789474,0.6692506459948321,0.6483516483516483,371,380,236,144,112,259,0.6591211717709721,0.6595829195630586,0.6595829195630587
13,1,36,0.6136363636363636,0.6816720257234726,0.7317073170731707,0.5549738219895288,0.6674907292954265,0.611832611832612,369,382,212,170,99,270,0.6418109187749668,0.6433405695313498,0.6433405695313498
13,1,37,0.6065573770491803,0.6574074074074074,0.7,0.5590551181102362,0.6499372647427855,0.6042553191489363,370,381,213,168,111,259,0.6284953395472703,0.6295275590551181,0.6295275590551179
13,1,38,0.6341463414634146,0.6363636363636364,0.6770833333333334,0.5912806539509536,0.654911838790932,0.6129943502824858,384,367,217,150,124,260,0.6351531291611185,0.6341819936421436,0.6341819936421434
13,1,39,0.6319612590799032,0.6479289940828402,0.6868421052631579,0.5902964959568733,0.6582597730138714,0.617771509167842,380,371,219,152,119,261,0.6391478029294274,0.6385693006100156,0.6385693006100156
13,1,40,0.6348039215686274,0.6647230320699709,0.6925133689839572,0.6047745358090185,0.6624040920716113,0.6333333333333333,374,377,228,149,115,259,0.6484687083888149,0.648643952396488,0.6486439523964879
13,1,41,0.6567901234567901,0.6820809248554913,0.7074468085106383,0.6293333333333333,0.6811779769526248,0.6546463245492372,376,375,236,139,110,266,0.6684420772303595,0.6683900709219859,0.6683900709219858
13,1,42,0.6274038461538461,0.6447761194029851,0.6868421052631579,0.5822102425876011,0.6557788944723618,0.6118980169971673,380,371,216,155,119,261,0.6351531291611185,0.6345261739253794,0.6345261739253795
13,1,43,0.5866666666666667,0.6511627906976745,0.7154471544715447,0.5130890052356021,0.6446886446886446,0.5739385065885798,369,382,196,186,105,264,0.6125166444740346,0.6142680798535733,0.6142680798535733
13,1,44,0.5733634311512416,0.6298701298701299,0.6902173913043478,0.5065274151436031,0.626387176325524,0.5615050651230101,368,383,194,189,114,254,0.596537949400799,0.5983724032239754,0.5983724032239756
13,1,45,0.628361858190709,0.652046783625731,0.6835106382978723,0.5946666666666667,0.6547770700636942,0.6220362622036262,376,375,223,152,119,257,0.6391478029294274,0.6390886524822694,0.6390886524822695
13,1,46,0.6456310679611651,0.6755162241887905,0.7074468085106383,0.6106666666666667,0.6751269035532995,0.6414565826330533,376,375,229,146,110,266,0.6591211717709721,0.6590567375886526,0.6590567375886524
13,1,47,0.6393034825870647,0.667621776504298,0.6890080428954424,0.6164021164021164,0.663225806451613,0.6409903713892708,373,378,233,145,116,257,0.6524633821571239,0.6527050796487793,0.6527050796487793
13,1,48,0.6384976525821596,0.683076923076923,0.7253333333333334,0.5904255319148937,0.6791510611735332,0.6333808844507846,375,376,222,154,103,272,0.6577896138482024,0.6578794326241135,0.6578794326241135
13,1,49,0.6265060240963856,0.6636904761904762,0.6970509383378016,0.58994708994709,0.6598984771573604,0.6246498599439777,373,378,223,155,113,260,0.6431424766977364,0.6434990141424459,0.6434990141424458
13,1,50,0.597254004576659,0.6401273885350318,0.6978609625668449,0.53315649867374,0.6436498150431567,0.5817655571635312,374,377,201,176,113,261,0.6151797603195739,0.6155087306202924,0.6155087306202925
13,1,51,0.6225,0.6495726495726496,0.6693548387096774,0.6015831134564644,0.6450777202072538,0.6246575342465754,372,379,228,151,123,249,0.6351531291611185,0.635468976083071,0.635468976083071
13,1,52,0.6256038647342995,0.655786350148368,0.6906666666666667,0.5877659574468085,0.6565272496831432,0.6199158485273492,375,376,221,155,116,259,0.6391478029294274,0.6392163120567376,0.6392163120567376
13,1,53,0.6244019138755981,0.6726726726726727,0.7054054054054054,0.5879265091863517,0.6624365482233502,0.627450980392157,370,381,224,157,109,261,0.6458055925432756,0.6466659572958786,0.6466659572958785
13,1,54,0.6185819070904646,0.6403508771929824,0.6728723404255319,0.584,0.6445859872611465,0.610878661087866,376,375,219,156,123,253,0.6284953395472703,0.628436170212766,0.628436170212766
13,1,55,0.6469135802469136,0.6763005780346821,0.7005347593582888,0.6206896551724138,0.6726572528883183,0.6473029045643154,374,377,234,143,112,262,0.6604527296937417,0.6606122072653513,0.6606122072653513
13,1,56,0.6306954436450839,0.6526946107784432,0.6939313984168866,0.5860215053763441,0.6608040201005024,0.6175637393767706,379,372,218,154,116,263,0.640479360852197,0.6399764518966153,0.6399764518966153
13,1,57,0.633177570093458,0.6873065015479877,0.728494623655914,0.5857519788918206,0.6775,0.6324786324786326,372,379,222,157,101,271,0.6564580559254327,0.6571233012738673,0.6571233012738673
13,1,58,0.6598984771573604,0.6974789915966386,0.7065217391304348,0.6501305483028721,0.6824146981627296,0.672972972972973,368,383,249,134,108,260,0.677762982689747,0.6783261437166535,0.6783261437166535
13,1,59,0.6124721603563474,0.6622516556291391,0.7294429708222812,0.5347593582887701,0.6658595641646489,0.591715976331361,377,374,200,174,102,275,0.6324900133155792,0.6321011645555256,0.6321011645555256
13,1,60,0.5803571428571429,0.6171617161716172,0.6914893617021277,0.49866666666666665,0.6310679611650486,0.551622418879056,376,375,187,188,116,260,0.5952063914780293,0.5950780141843972,0.5950780141843971
13,1,61,0.6211031175059952,0.6766467065868264,0.7057220708446866,0.5885416666666666,0.6607142857142857,0.6295264623955432,367,384,226,158,108,259,0.6458055925432756,0.6471318687556767,0.6471318687556766
13,1,62,0.6413301662707839,0.6848484848484848,0.7219251336898396,0.5994694960212201,0.6792452830188679,0.6393210749646393,374,377,226,151,104,270,0.6604527296937417,0.6606973148555298,0.6606973148555298
13,1,63,0.6518324607329843,0.6531165311653117,0.6604774535809018,0.6443850267379679,0.6561264822134387,0.648721399730821,377,374,241,133,128,249,0.6524633821571239,0.652431240159435,0.652431240159435
13,1,64,0.6502463054187192,0.6550724637681159,0.6892950391644909,0.6141304347826086,0.6692015209125475,0.6339410939691444,383,368,226,142,119,264,0.6524633821571239,0.6517127369735497,0.6517127369735498
13,1,65,0.6064814814814815,0.6332288401253918,0.6912928759894459,0.543010752688172,0.6461159062885327,0.5846599131693198,379,372,202,170,117,262,0.6178428761651131,0.617151814338809,0.617151814338809
13,1,66,0.6368159203980099,0.6389684813753582,0.6701570680628273,0.6043360433604336,0.6530612244897959,0.6211699164345403,382,369,223,146,126,256,0.6378162450066578,0.6372465557116305,0.6372465557116304
13,1,67,0.6247086247086248,0.6645962732919255,0.7127659574468085,0.5706666666666667,0.6658385093167702,0.6140602582496414,376,375,214,161,108,268,0.6418109187749668,0.6417163120567375,0.6417163120567376
13,1,68,0.6046511627906976,0.6448598130841121,0.6951871657754011,0.5490716180371353,0.6467661691542289,0.5931232091690545,374,377,207,170,114,260,0.6218375499334221,0.6221293919062683,0.6221293919062683
13,1,69,0.6232227488151659,0.6352583586626139,0.6866840731070496,0.5679347826086957,0.6534161490683231,0.599713055954089,383,368,209,159,120,263,0.6284953395472703,0.6273094278578726,0.6273094278578726
13,1,70,0.7,0.6649616368286445,0.6579634464751958,0.7065217391304348,0.6783310901749663,0.6851119894598156,383,368,260,108,131,252,0.681757656458056,0.6822425928028153,0.6822425928028153
13,1,71,0.6632390745501285,0.643646408839779,0.6666666666666666,0.6401098901098901,0.6649484536082474,0.6418732782369146,387,364,233,131,129,258,0.6537949400798935,0.6533882783882783,0.6533882783882784
13,1,72,0.6318289786223278,0.6636363636363637,0.7055702917771883,0.5855614973262032,0.6666666666666666,0.6221590909090909,377,374,219,155,111,266,0.6458055925432756,0.6455658945516958,0.6455658945516957
13,1,73,0.6356968215158925,0.6491228070175439,0.6842105263157895,0.5983827493261455,0.6590621039290242,0.6227208976157083,380,371,222,149,120,260,0.6418109187749668,0.6412966378209675,0.6412966378209676
13,1,74,0.6220657276995305,0.6584615384615384,0.7047872340425532,0.5706666666666667,0.6608478802992519,0.6114285714285714,376,375,214,161,111,265,0.6378162450066578,0.6377269503546099,0.6377269503546099
13,1,75,0.6457831325301204,0.6964285714285714,0.7243243243243244,0.6141732283464567,0.6828025477707006,0.6527196652719666,370,381,234,147,102,268,0.6684420772303595,0.6692487763353906,0.6692487763353905
13,1,76,0.639225181598063,0.6538461538461539,0.6929133858267716,0.5972972972972973,0.6649874055415617,0.6242937853107344,381,370,221,149,117,264,0.6458055925432756,0.6451053415620345,0.6451053415620345
13,1,77,0.6051401869158879,0.6625386996904025,0.7038043478260869,0.5587467362924282,0.6507537688442211,0.6062322946175638,368,383,214,169,109,259,0.62982689747004,0.6312755420592576,0.6312755420592575
13,1,78,0.6764705882352942,0.6967930029154519,0.7263157894736842,0.6442048517520216,0.7005076142131981,0.6694677871148459,380,371,239,132,104,276,0.6857523302263648,0.6852603206128529,0.6852603206128529
13,1,79,0.6270783847980997,0.6696969696969697,0.707774798927614,0.5846560846560847,0.6649874055415618,0.6242937853107344,373,378,221,157,109,264,0.6458055925432756,0.6462154417918493,0.6462154417918493
13,1,80,0.6104783599088838,0.6762820512820513,0.7262872628726287,0.5523560209424084,0.6633663366336634,0.6080691642651297,369,382,211,171,101,268,0.6378162450066578,0.6393216419075185,0.6393216419075185
13,1,81,0.6255813953488372,0.67601246105919,0.7211796246648794,0.5740740740740741,0.6699875466998755,0.6208869814020029,373,378,217,161,104,269,0.6471371504660453,0.6476268493694768,0.6476268493694767
13,1,82,0.6285714285714286,0.676737160120846,0.7115902964959568,0.5894736842105263,0.6675094816687737,0.630098452883263,371,380,224,156,107,264,0.6498002663115846,0.6505319903532416,0.6505319903532416
13,1,83,0.6456310679611651,0.6784660766961652,0.7093333333333334,0.6117021276595744,0.6759847522236341,0.6433566433566433,375,376,230,146,109,266,0.6604527296937417,0.6605177304964539,0.6605177304964539
13,1,84,0.5902777777777778,0.6520376175548589,0.6967213114754098,0.5402597402597402,0.6390977443609023,0.5909090909090908,366,385,208,177,111,255,0.6165113182423435,0.618490525867575,0.618490525867575
13,1,85,0.6232876712328768,0.6773162939297125,0.7299465240641712,0.5623342175066313,0.6724137931034483,0.6144927536231884,374,377,212,165,101,273,0.6458055925432756,0.6461403707854012,0.6461403707854012
13,1,86,0.655860349127182,0.6571428571428571,0.6866840731070496,0.625,0.6709183673469388,0.6406685236768802,383,368,230,138,120,263,0.6564580559254327,0.6558420365535248,0.6558420365535248
13,1,87,0.6304347826086957,0.6498516320474778,0.6886543535620053,0.5887096774193549,0.6582597730138714,0.617771509167842,379,372,219,153,118,261,0.6391478029294274,0.63868201549068,0.6386820154906802
13,1,88,0.6278538812785388,0.6613418530351438,0.7217847769028871,0.5594594594594594,0.6715506715506715,0.6061493411420205,381,370,207,163,106,275,0.6418109187749668,0.6406221181811733,0.6406221181811732
13,1,89,0.6319612590799032,0.6538461538461539,0.6904761904761905,0.5924932975871313,0.6599241466498105,0.6216596343178621,378,373,221,152,117,261,0.6418109187749668,0.6414847440316609,0.6414847440316609
13,1,90,0.6367924528301887,0.6758409785932722,0.7180851063829787,0.5893333333333334,0.675,0.6296296296296297,376,375,221,154,106,270,0.6537949400798935,0.653709219858156,0.653709219858156
13,1,91,0.6444954128440367,0.6825396825396826,0.7375328083989501,0.581081081081081,0.6878824969400245,0.6277372262773723,381,370,215,155,100,281,0.6604527296937417,0.6593069447400156,0.6593069447400155
13,1,92,0.6113744075829384,0.6534954407294833,0.6935483870967742,0.5672823218997362,0.6498740554156172,0.6073446327683617,372,379,215,164,114,258,0.62982689747004,0.6304153544982551,0.6304153544982553
13,1,93,0.62,0.6677740863787376,0.7361477572559367,0.5403225806451613,0.6731001206272618,0.5973254086181278,379,372,201,171,100,279,0.6391478029294274,0.638235168950549,0.638235168950549
13,1,94,0.6085011185682326,0.6611842105263158,0.7253333333333334,0.5345744680851063,0.661800486618005,0.5911764705882353,375,376,201,175,103,272,0.62982689747004,0.6299539007092199,0.6299539007092199
13,1,95,0.611904761904762,0.6586102719033232,0.6945945945945946,0.5721784776902887,0.6506329113924051,0.6123595505617977,370,381,218,163,113,257,0.6324900133155792,0.6333865361424417,0.6333865361424417
13,1,96,0.6421568627450981,0.641399416909621,0.6805194805194805,0.6010928961748634,0.66078184110971,0.6205923836389281,385,366,220,146,123,262,0.6418109187749668,0.640806188347172,0.640806188347172
13,1,97,0.631578947368421,0.6278409090909091,0.6579634464751958,0.6005434782608695,0.6445012787723784,0.6138888888888888,383,368,221,147,131,252,0.62982689747004,0.6292534623680327,0.6292534623680326
13,1,98,0.6163069544364509,0.6467065868263473,0.6853333333333333,0.574468085106383,0.6489898989898989,0.6084507042253521,375,376,216,160,118,257,0.62982689747004,0.6299007092198582,0.6299007092198582
13,1,99,0.6520618556701031,0.6446280991735537,0.662303664921466,0.6341463414634146,0.6571428571428573,0.639344262295082,382,369,234,135,129,253,0.6484687083888149,0.6482250031924404,0.6482250031924404
15,1,0,0.6222760290556901,0.6597633136094675,0.6908602150537635,0.5883905013192612,0.6547770700636943,0.6220362622036262,372,379,223,156,115,257,0.6391478029294274,0.6396253581865123,0.6396253581865123
15,1,1,0.6071428571428571,0.6374622356495468,0.68,0.5611702127659575,0.6415094339622641,0.596888260254597,375,376,211,165,120,255,0.6205059920106525,0.6205851063829788,0.6205851063829787
15,1,2,0.6475,0.6552706552706553,0.6815789473684211,0.6199460916442049,0.6641025641025641,0.6371191135734073,380,371,230,141,121,259,0.6511318242343542,0.6507625195063129,0.6507625195063129
15,1,3,0.6397984886649875,0.6497175141242938,0.671957671957672,0.6166219839142091,0.655483870967742,0.6327372764786795,378,373,230,143,124,254,0.644474034620506,0.6442898279359406,0.6442898279359405
15,1,4,0.6255924170616114,0.6656534954407295,0.7058823529411765,0.5809018567639257,0.663316582914573,0.6203966005665723,374,377,219,158,110,264,0.6431424766977364,0.643392104852551,0.6433921048525509
15,1,5,0.6344827586206897,0.6677215189873418,0.7244094488188977,0.5702702702702702,0.6764705882352942,0.6151603498542274,381,370,211,159,105,276,0.6484687083888149,0.6473398595445838,0.647339859544584
15,1,6,0.6190476190476191,0.6737160120845922,0.7065217391304348,0.5822454308093995,0.6598984771573604,0.6246498599439776,368,383,223,160,108,260,0.6431424766977364,0.6443835849699171,0.6443835849699172
15,1,7,0.6421319796954315,0.6582633053221288,0.6746666666666666,0.625,0.657997399219766,0.6412005457025921,375,376,235,141,122,253,0.6498002663115846,0.6498333333333333,0.6498333333333334
15,1,8,0.6624365482233503,0.6694677871148459,0.6886543535620053,0.6424731182795699,0.6752910737386805,0.6556927297668038,379,372,239,133,118,261,0.6657789613848203,0.6655637359207877,0.6655637359207878
15,1,9,0.6209302325581395,0.6978193146417445,0.7335164835164835,0.5788113695090439,0.672544080604534,0.6327683615819208,364,387,224,163,97,267,0.6537949400798935,0.6561639265127639,0.6561639265127637
15,1,10,0.5927601809954751,0.6472491909385113,0.706199460916442,0.5263157894736842,0.6445264452644526,0.5805515239477503,371,380,200,180,109,262,0.6151797603195739,0.6162576251950632,0.616257625195063
15,1,11,0.6416464891041163,0.6893491124260355,0.7162162162162162,0.6115485564304461,0.6768837803320562,0.6481223922114047,370,381,233,148,105,265,0.6631158455392809,0.6638823863233312,0.6638823863233312
15,1,12,0.6337662337662338,0.6584699453551912,0.6612466124661247,0.6308900523560209,0.6472148541114059,0.6443850267379679,369,382,241,141,125,244,0.6458055925432756,0.646068332411073,0.6460683324110728
15,1,13,0.6319612590799032,0.6745562130177515,0.7035040431266847,0.6,0.6658163265306123,0.6350974930362117,371,380,228,152,110,261,0.6511318242343542,0.6517520215633423,0.6517520215633423
15,1,14,0.6232558139534884,0.6947040498442367,0.73224043715847,0.5792207792207792,0.6733668341708543,0.631728045325779,366,385,223,162,98,268,0.6537949400798935,0.6557306081896246,0.6557306081896246
15,1,15,0.6433915211970075,0.6628571428571428,0.6861702127659575,0.6186666666666667,0.664092664092664,0.64,376,375,232,143,118,258,0.6524633821571239,0.6524184397163121,0.6524184397163121
15,1,16,0.6584766584766585,0.6831395348837209,0.7108753315649867,0.6283422459893048,0.6836734693877552,0.6545961002785515,377,374,235,139,109,268,0.6697736351531292,0.6696087887771458,0.6696087887771458
15,1,17,0.5892857142857143,0.6600660066006601,0.7193460490463215,0.5208333333333334,0.6478527607361962,0.5822416302765647,367,384,200,184,103,264,0.6178428761651131,0.6200896911898274,0.6200896911898275
15,1,18,0.6446700507614214,0.6666666666666666,0.6809651474530831,0.6296296296296297,0.6623207301173403,0.6476190476190475,373,378,238,140,119,254,0.6551264980026631,0.6552973885413563,0.6552973885413564
15,1,19,0.6423529411764706,0.6687116564417178,0.7165354330708661,0.5891891891891892,0.6774193548387096,0.6264367816091955,381,370,218,152,108,273,0.6537949400798935,0.6528623111300277,0.6528623111300278
15,1,20,0.6124401913875598,0.6426426426426426,0.6826666666666666,0.5691489361702128,0.6456494325346784,0.6036671368124119,375,376,214,162,119,256,0.625832223701731,0.6259078014184396,0.6259078014184396
15,1,21,0.6107226107226107,0.6459627329192547,0.6968085106382979,0.5546666666666666,0.6509316770186335,0.5968436154949784,376,375,208,167,114,262,0.625832223701731,0.6257375886524822,0.6257375886524822
15,1,22,0.6451612903225806,0.6896551724137931,0.7065217391304348,0.6266318537859008,0.6744487678339818,0.6566347469220247,368,383,240,143,108,260,0.6657789613848203,0.6665767964581677,0.6665767964581678
15,1,23,0.6583541147132169,0.6771428571428572,0.7002652519893899,0.6336898395721925,0.6786632390745501,0.654696132596685,377,374,237,137,113,264,0.6671105193075899,0.6669775457807912,0.6669775457807913
15,1,24,0.6133909287257019,0.6909722222222222,0.7613941018766756,0.5264550264550265,0.6794258373205742,0.5975975975975976,373,378,199,179,89,284,0.6431424766977364,0.6439245641658511,0.6439245641658511
15,1,25,0.6356589147286822,0.6263736263736264,0.643979057591623,0.6178861788617886,0.6397919375812744,0.6221009549795361,382,369,228,141,136,246,0.6311584553928096,0.6309326182267059,0.6309326182267059
15,1,26,0.6240963855421687,0.6577380952380952,0.6925133689839572,0.5862068965517241,0.6565272496831432,0.6199158485273492,374,377,221,156,115,259,0.6391478029294274,0.6393601327678406,0.6393601327678406
15,1,27,0.6027397260273972,0.6549520766773163,0.7096774193548387,0.5408970976253298,0.6518518518518519,0.5924855491329479,372,379,205,174,108,264,0.6245006657789614,0.6252872584900843,0.6252872584900843
15,1,28,0.6353211009174312,0.6634920634920635,0.7232375979112271,0.5679347826086957,0.6764346764346764,0.6120058565153734,383,368,209,159,106,277,0.6471371504660453,0.6455861902599613,0.6455861902599613
15,1,29,0.6175771971496437,0.6787878787878788,0.7103825136612022,0.5818181818181818,0.6607369758576874,0.6265734265734265,366,385,224,161,106,260,0.644474034620506,0.6461003477396919,0.6461003477396919
15,1,30,0.6386138613861386,0.6772334293948127,0.6972972972972973,0.6167979002624672,0.6666666666666666,0.6456043956043955,370,381,235,146,112,258,0.6564580559254327,0.6570475987798822,0.6570475987798823
15,1,31,0.625615763546798,0.6347826086956522,0.6684210526315789,0.5902964959568733,0.6463104325699746,0.611731843575419,380,371,219,152,126,254,0.62982689747004,0.6293587742942262,0.6293587742942262
15,1,32,0.6262135922330098,0.6460176991150443,0.6825396825396826,0.5871313672922251,0.6531645569620254,0.6151685393258426,378,373,219,154,120,258,0.6351531291611185,0.6348355249159539,0.6348355249159539
15,1,33,0.6150341685649203,0.6666666666666666,0.7219251336898396,0.5517241379310345,0.6642066420664208,0.6037735849056604,374,377,208,169,104,270,0.6364846870838882,0.636824635810437,0.636824635810437
15,1,34,0.6176470588235294,0.6355685131195336,0.6684350132625995,0.5828877005347594,0.6420382165605095,0.6080892608089261,377,374,218,156,125,252,0.625832223701731,0.6256613568986794,0.6256613568986794
15,1,35,0.6305418719211823,0.6579710144927536,0.6844919786096256,0.6021220159151194,0.6564102564102564,0.628808864265928,374,377,227,150,118,256,0.6431424766977364,0.6433069972623725,0.6433069972623726
15,1,36,0.6228710462287105,0.6647058823529411,0.6918918918918919,0.5931758530183727,0.6555697823303457,0.6269070735090153,370,381,226,155,114,256,0.6418109187749668,0.6425338724551323,0.6425338724551324
15,1,37,0.6168674698795181,0.6458333333333334,0.6826666666666666,0.5771276595744681,0.6481012658227848,0.6095505617977529,375,376,217,159,119,256,0.62982689747004,0.6298971631205674,0.6298971631205674
15,1,38,0.6593137254901961,0.673469387755102,0.7060367454068242,0.6243243243243243,0.6818757921419518,0.6479663394109396,381,370,231,139,112,269,0.6657789613848203,0.6651805348655743,0.6651805348655743
15,1,39,0.6332574031890661,0.6858974358974359,0.7393617021276596,0.5706666666666667,0.6822085889570553,0.6229985443959243,376,375,214,161,98,278,0.6551264980026631,0.6550141843971632,0.6550141843971631
15,1,40,0.6477832512315271,0.6753623188405797,0.7013333333333334,0.6196808510638298,0.6734955185659411,0.6463245492371706,375,376,233,143,112,263,0.6604527296937417,0.6605070921985817,0.6605070921985816
15,1,41,0.6578313253012048,0.6785714285714286,0.7165354330708661,0.6162162162162163,0.6859296482412061,0.6458923512747875,381,370,228,142,108,273,0.6671105193075899,0.6663758246435412,0.6663758246435412
15,1,42,0.6225490196078431,0.6530612244897959,0.6809651474530831,0.5925925925925926,0.6504481434058899,0.6213592233009709,373,378,224,154,119,254,0.6364846870838882,0.6367788700228378,0.6367788700228378
15,1,43,0.619815668202765,0.668769716088328,0.7192513368983957,0.5623342175066313,0.6658415841584159,0.6109510086455332,374,377,212,165,105,269,0.640479360852197,0.6407927772025135,0.6407927772025135
15,1,44,0.6203703703703703,0.6865203761755486,0.7282608695652174,0.5718015665796344,0.67,0.6239316239316239,368,383,219,164,100,268,0.6484687083888149,0.6500312180724259,0.6500312180724259
15,1,45,0.6377171215880894,0.6436781609195402,0.6745406824146981,0.6054054054054054,0.6556122448979592,0.6239554317548747,381,370,224,146,124,257,0.640479360852197,0.6399730439100517,0.6399730439100519
15,1,46,0.6029055690072639,0.6390532544378699,0.6711590296495957,0.5684210526315789,0.635204081632653,0.6016713091922005,371,380,216,164,122,249,0.6191744340878829,0.6197900411405873,0.6197900411405873
15,1,47,0.5966183574879227,0.6528189910979229,0.6785714285714286,0.5684754521963824,0.6349614395886889,0.6077348066298344,364,387,220,167,117,247,0.6218375499334221,0.6235234403839055,0.6235234403839055
15,1,48,0.5981308411214953,0.6346749226006192,0.6844919786096256,0.5437665782493368,0.6384039900249376,0.5857142857142857,374,377,205,172,118,256,0.6138482023968043,0.6141292784294812,0.6141292784294814
15,1,49,0.5980392156862745,0.6151603498542274,0.648936170212766,0.5626666666666666,0.6224489795918368,0.5877437325905291,376,375,211,164,132,244,0.6058588548601864,0.6058014184397164,0.6058014184397162
15,1,50,0.625866050808314,0.6729559748427673,0.7226666666666667,0.5691489361702128,0.6707920792079207,0.61671469740634,375,376,214,162,104,271,0.6458055925432756,0.6459078014184396,0.6459078014184397
15,1,51,0.6291866028708134,0.6816816816816816,0.7127371273712737,0.5942408376963351,0.6683608640406606,0.634965034965035,369,382,227,155,106,263,0.6524633821571239,0.6534889825338044,0.6534889825338044
15,1,52,0.6099773242630385,0.6645161290322581,0.7211796246648794,0.544973544973545,0.6609336609336608,0.5988372093023255,373,378,206,172,104,269,0.6324900133155792,0.6330765848192121,0.6330765848192123
15,1,53,0.6407766990291263,0.6519174041297935,0.6910994764397905,0.5989159891598916,0.6649874055415618,0.6242937853107344,382,369,221,148,118,264,0.6458055925432756,0.6450077327998411,0.6450077327998411
15,1,54,0.6151960784313726,0.6355685131195336,0.6675531914893617,0.5813333333333334,0.6403061224489797,0.6072423398328691,376,375,218,157,125,251,0.6245006657789614,0.6244432624113474,0.6244432624113475
15,1,55,0.6177884615384616,0.6328358208955224,0.6763157894736842,0.5714285714285714,0.6457286432160805,0.6005665722379602,380,371,212,159,123,257,0.6245006657789614,0.6238721804511278,0.6238721804511278
15,1,56,0.6339066339066339,0.6569767441860465,0.6861702127659575,0.6026666666666667,0.6590038314176245,0.6286509040333796,376,375,226,149,118,258,0.644474034620506,0.644418439716312,0.6444184397163121
15,1,57,0.6004415011037527,0.6644295302013423,0.7311827956989247,0.5224274406332454,0.6593939393939394,0.5849335302806499,372,379,198,181,100,272,0.625832223701731,0.6268051181660851,0.6268051181660851
15,1,58,0.6727272727272727,0.674863387978142,0.6851851851851852,0.6621983914209115,0.6788990825688074,0.6684709066305818,378,373,247,126,119,259,0.6737683089214381,0.6736917883030483,0.6736917883030482
15,1,59,0.6210762331838565,0.6557377049180327,0.725130890052356,0.5420054200542005,0.6690821256038647,0.5934718100890207,382,369,200,169,105,277,0.6351531291611185,0.6335681550532783,0.6335681550532783
15,1,60,0.6717948717948717,0.6759002770083102,0.6912928759894459,0.6559139784946236,0.6814044213263979,0.665757162346521,379,372,244,128,117,262,0.6737683089214381,0.6736034272420347,0.6736034272420347
15,1,61,0.6166666666666667,0.6465256797583081,0.6888297872340425,0.5706666666666667,0.6507537688442211,0.6062322946175637,376,375,214,161,117,259,0.62982689747004,0.6297482269503546,0.6297482269503546
15,1,62,0.6325581395348837,0.6697819314641744,0.7195767195767195,0.5764075067024129,0.6732673267326733,0.6195965417867436,378,373,215,158,106,272,0.6484687083888149,0.6479921131395662,0.6479921131395663
15,1,63,0.6507177033492823,0.7147147147147147,0.7411444141689373,0.6197916666666666,0.6929936305732484,0.6638772663877266,367,384,238,146,95,272,0.6790945406125166,0.680468040417802,0.680468040417802
15,1,64,0.67,0.6866096866096866,0.708994708994709,0.646112600536193,0.6889460154241646,0.6657458563535912,378,373,241,132,110,268,0.677762982689747,0.6775536547654509,0.677553654765451
15,1,65,0.6445497630331753,0.6808510638297872,0.7214854111405835,0.5989304812834224,0.6808510638297872,0.6372688477951636,377,374,224,150,105,272,0.6604527296937417,0.660207946212003,0.6602079462120028
15,1,66,0.635036496350365,0.6529411764705882,0.6886543535620053,0.5967741935483871,0.6607594936708862,0.6235955056179776,379,372,222,150,118,261,0.6431424766977364,0.6427142735551962,0.6427142735551962
15,1,67,0.6317073170731707,0.6598240469208211,0.6906666666666667,0.598404255319149,0.6598726114649681,0.6276150627615062,375,376,225,151,116,259,0.644474034620506,0.6445354609929077,0.6445354609929078
15,1,68,0.5925058548009368,0.6296296296296297,0.67828418230563,0.5396825396825397,0.6325,0.5811965811965812,373,378,204,174,120,253,0.6085219707057257,0.6089833609940849,0.6089833609940848
15,1,69,0.6334106728538283,0.675,0.7241379310344828,0.5775401069518716,0.6757425742574258,0.622478386167147,377,374,216,158,104,273,0.6511318242343542,0.6508390189931772,0.6508390189931772
15,1,70,0.6353211009174312,0.6666666666666666,0.725130890052356,0.5691056910569106,0.6772616136919316,0.6140350877192982,382,369,210,159,105,277,0.6484687083888149,0.6471182905546332,0.6471182905546333
15,1,71,0.6384615384615384,0.6454293628808865,0.6604774535809018,0.6229946524064172,0.6492829204693611,0.634013605442177,377,374,233,141,128,249,0.6418109187749668,0.6417360529936595,0.6417360529936595
15,1,72,0.6270783847980997,0.6575757575757576,0.7002652519893899,0.5802139037433155,0.6616541353383458,0.6164772727272727,377,374,217,157,113,264,0.640479360852197,0.6402395778663528,0.6402395778663527
15,1,73,0.6216216216216216,0.6162790697674418,0.6571428571428571,0.5792349726775956,0.6388888888888888,0.5971830985915493,385,366,212,154,132,253,0.6191744340878829,0.6181889149102264,0.6181889149102263
15,1,74,0.5944700460829493,0.6498422712933754,0.6991869918699187,0.5392670157068062,0.6425902864259029,0.5894134477825465,369,382,206,176,111,258,0.6178428761651131,0.6192270037883625,0.6192270037883625
15,1,75,0.6444444444444445,0.6473988439306358,0.6814621409921671,0.6086956521739131,0.6624365482233503,0.6274509803921569,383,368,224,144,122,261,0.6458055925432756,0.6450788965830401,0.6450788965830401
15,1,76,0.6578313253012048,0.6607142857142857,0.7054263565891473,0.6098901098901099,0.6807980049875312,0.6342857142857145,387,364,222,142,114,273,0.6591211717709721,0.6576582332396287,0.6576582332396286
15,1,77,0.6101321585903083,0.6801346801346801,0.7446236559139785,0.5329815303430079,0.6707021791767555,0.5976331360946745,372,379,202,177,95,277,0.6378162450066578,0.6388025931284932,0.6388025931284932
15,1,78,0.6425,0.6467236467236467,0.6745406824146981,0.6135135135135135,0.6581306017925735,0.6296809986130375,381,370,227,143,124,257,0.644474034620506,0.6440270979641057,0.6440270979641058
15,1,79,0.6301020408163265,0.6323119777158774,0.6517150395778364,0.6102150537634409,0.6407263294422827,0.6210670314637483,379,372,227,145,132,247,0.6311584553928096,0.6309650466706386,0.6309650466706387
15,1,80,0.6232558139534884,0.6697819314641744,0.7165775401069518,0.5702917771883289,0.6666666666666667,0.6160458452722063,374,377,215,162,106,268,0.6431424766977364,0.6434346586476404,0.6434346586476404
15,1,81,0.6502347417840375,0.6861538461538461,0.7308707124010554,0.5994623655913979,0.6881987577639751,0.6398852223816356,379,372,223,149,102,277,0.6657789613848203,0.6651665389962267,0.6651665389962267
15,1,82,0.6452380952380953,0.6797583081570997,0.7188328912466844,0.6016042780748663,0.6800501882057717,0.6382978723404256,377,374,225,149,106,271,0.6604527296937417,0.6602185846607753,0.6602185846607753
15,1,83,0.585081585081585,0.6583850931677019,0.6952908587257618,0.5435897435897435,0.6354430379746836,0.5955056179775281,361,390,212,178,110,251,0.6165113182423435,0.6194403011577527,0.6194403011577526
15,1,84,0.6191646191646192,0.627906976744186,0.6631578947368421,0.5822102425876011,0.6404066073697586,0.6041958041958041,380,371,216,155,128,252,0.6231691078561917,0.6226840686622215,0.6226840686622216
15,1,85,0.614190687361419,0.6933333333333334,0.7506775067750677,0.5445026178010471,0.6756097560975609,0.6099706744868034,369,382,208,174,92,277,0.6458055925432756,0.6475900622880575,0.6475900622880575
15,1,86,0.6378896882494005,0.6766467065868264,0.7112299465240641,0.5994694960212201,0.672566371681416,0.6357243319268636,374,377,226,151,108,266,0.6551264980026631,0.6553497212726421,0.6553497212726421
15,1,87,0.6331658291457286,0.6288951841359773,0.6579634464751958,0.6032608695652174,0.6453265044814339,0.6158113730929264,383,368,222,146,131,252,0.6311584553928096,0.6306121580202066,0.6306121580202065
15,1,88,0.6091703056768559,0.6928327645051194,0.7560975609756098,0.5314136125654451,0.6747279322853689,0.6014814814814815,369,382,203,179,90,279,0.6418109187749668,0.6437555867705274,0.6437555867705275
15,1,89,0.625,0.6656716417910448,0.6989247311827957,0.5883905013192612,0.6598984771573605,0.6246498599439775,372,379,223,156,112,260,0.6431424766977364,0.6436576162510285,0.6436576162510285
15,1,90,0.584051724137931,0.627177700348432,0.716931216931217,0.48257372654155495,0.6437054631828979,0.5454545454545454,378,373,180,193,107,271,0.6005326231691078,0.5997524717363859,0.5997524717363859
15,1,91,0.6592039800995025,0.670487106017192,0.6973684210526315,0.6307277628032345,0.6777493606138107,0.6499999999999999,380,371,234,137,115,265,0.6644474034620506,0.664048091927933,0.6640480919279332
15,1,92,0.62,0.7009966777408638,0.7560975609756098,0.5523560209424084,0.6813186813186813,0.6178623718887263,369,382,211,171,90,279,0.6524633821571239,0.654226790959009,0.654226790959009
15,1,93,0.6399026763990268,0.6705882352941176,0.7013333333333334,0.6063829787234043,0.6692111959287532,0.6368715083798883,375,376,228,148,112,263,0.6537949400798935,0.6538581560283688,0.6538581560283688
15,1,94,0.6327543424317618,0.6522988505747126,0.6781914893617021,0.6053333333333333,0.6546854942233633,0.627939142461964,376,375,227,148,121,255,0.6418109187749668,0.6417624113475178,0.6417624113475177
15,1,95,0.6093366093366094,0.6511627906976745,0.6739130434782609,0.5848563968668408,0.64,0.6162310866574966,368,383,224,159,120,248,0.6284953395472703,0.6293847201725509,0.6293847201725509
15,1,96,0.6493827160493827,0.6791907514450867,0.7032085561497327,0.623342175066313,0.675224646983312,0.6500691562932226,374,377,235,142,111,263,0.6631158455392809,0.6632753656080228,0.6632753656080228
15,1,97,0.625866050808314,0.6855345911949685,0.7304582210242587,0.5736842105263158,0.6741293532338308,0.6246418338108882,371,380,218,162,100,271,0.6511318242343542,0.6520712157752873,0.6520712157752873
15,1,98,0.6163682864450127,0.6333333333333333,0.646112600536193,0.6031746031746031,0.6308900523560208,0.6178861788617885,373,378,228,150,132,241,0.6245006657789614,0.6246436018553981,0.624643601855398
15,1,99,0.6460396039603961,0.6570605187319885,0.6868421052631579,0.6145552560646901,0.6658163265306122,0.6350974930362117,380,371,228,143,119,261,0.6511318242343542,0.650698680663924,0.650698680663924
17,1,0,0.6307339449541285,0.6793650793650794,0.7313829787234043,0.5706666666666667,0.6773399014778326,0.6202898550724638,376,375,214,161,101,275,0.6511318242343542,0.6510248226950355,0.6510248226950355
17,1,1,0.6237864077669902,0.640117994100295,0.6781002638522428,0.5833333333333334,0.6498103666245258,0.6104078762306611,379,372,217,155,122,257,0.6311584553928096,0.630716798592788,0.6307167985927881
17,1,2,0.634032634032634,0.6739130434782609,0.7214854111405835,0.5802139037433155,0.6749379652605458,0.6235632183908046,377,374,217,157,105,272,0.6511318242343542,0.6508496574419496,0.6508496574419494
17,1,3,0.6109839816933639,0.6464968152866242,0.7063492063492064,0.5442359249329759,0.6552147239263805,0.5909752547307132,378,373,203,170,111,267,0.625832223701731,0.625292565641091,0.6252925656410911
17,1,4,0.6374695863746959,0.6647058823529411,0.6968085106382979,0.6026666666666667,0.6658195679796697,0.632167832167832,376,375,226,149,114,262,0.6498002663115846,0.6497375886524823,0.6497375886524823
17,1,5,0.6287015945330297,0.6442307692307693,0.7131782945736435,0.5521978021978022,0.6682808716707022,0.5946745562130178,387,364,201,163,111,276,0.6351531291611185,0.6326880483857229,0.6326880483857228
17,1,6,0.6193693693693694,0.6710097719869706,0.7313829787234043,0.5493333333333333,0.6707317073170732,0.6041055718475073,376,375,206,169,101,275,0.640479360852197,0.6403581560283688,0.6403581560283688
17,1,7,0.6709844559585493,0.663013698630137,0.6780104712041884,0.6558265582655827,0.6744791666666666,0.6594005449591281,382,369,242,127,123,259,0.6671105193075899,0.6669185147348856,0.6669185147348856
17,1,8,0.6492890995260664,0.7021276595744681,0.7365591397849462,0.6094986807387863,0.6901763224181361,0.652542372881356,372,379,231,148,98,274,0.6724367509986684,0.6730289102618663,0.6730289102618663
17,1,9,0.647196261682243,0.6749226006191951,0.725130890052356,0.5907859078590786,0.6839506172839506,0.630057803468208,382,369,218,151,105,277,0.6591211717709721,0.6579583989557172,0.6579583989557173
17,1,10,0.617169373549884,0.65,0.7037037037037037,0.5576407506702413,0.657601977750309,0.6002886002886003,378,373,208,165,112,266,0.6311584553928096,0.6306722271869725,0.6306722271869725
17,1,11,0.6014319809069213,0.6475903614457831,0.6829268292682927,0.56282722513089,0.6395939086294417,0.6022408963585434,369,382,215,167,117,252,0.6218375499334221,0.6228770271995915,0.6228770271995913
17,1,12,0.6576354679802956,0.6869565217391305,0.712,0.6303191489361702,0.6837387964148528,0.6574202496532595,375,376,237,139,108,267,0.6711051930758988,0.671159574468085,0.671159574468085
17,1,13,0.6123853211009175,0.653968253968254,0.7101063829787234,0.5493333333333333,0.6576354679802956,0.5971014492753624,376,375,206,169,109,267,0.62982689747004,0.6297198581560284,0.6297198581560283
17,1,14,0.6383495145631068,0.6784660766961652,0.706989247311828,0.6068601583113457,0.6709183673469389,0.6406685236768803,372,379,230,149,109,263,0.6564580559254327,0.6569247028115868,0.6569247028115868
17,1,15,0.6193853427895981,0.6432926829268293,0.6912928759894459,0.5672043010752689,0.6533665835411472,0.602857142857143,379,372,211,161,117,262,0.62982689747004,0.6292485885323573,0.6292485885323574
17,1,16,0.6445497630331753,0.6930091185410334,0.7292225201072386,0.6031746031746031,0.6842767295597485,0.6449787835926449,373,378,228,150,101,272,0.6657789613848203,0.666198561640921,0.666198561640921
17,1,17,0.6155660377358491,0.6758409785932722,0.7111716621253406,0.5755208333333334,0.6599241466498104,0.6216596343178621,367,384,221,163,106,261,0.6418109187749668,0.6433462477293369,0.643346247729337
17,1,18,0.6265984654731458,0.6416666666666667,0.6550802139037433,0.6127320954907162,0.6405228758169934,0.6268656716417911,374,377,231,146,129,245,0.6338215712383488,0.6339061546972297,0.6339061546972297
17,1,19,0.6026785714285714,0.6732673267326733,0.7317073170731707,0.5340314136125655,0.6609547123623011,0.5956204379562045,369,382,204,178,99,270,0.6311584553928096,0.6328693653428681,0.6328693653428681
17,1,20,0.6414634146341464,0.6627565982404692,0.6957671957671958,0.6058981233243967,0.6675126903553299,0.6330532212885155,378,373,226,147,115,263,0.6511318242343542,0.6508326595457963,0.6508326595457963
17,1,21,0.6384976525821596,0.6707692307692308,0.7176781002638523,0.5860215053763441,0.675776397515528,0.6255380200860833,379,372,218,154,107,272,0.6524633821571239,0.6518498028200981,0.6518498028200982
17,1,22,0.6220657276995305,0.68,0.7181571815718157,0.5785340314136126,0.6666666666666666,0.6251768033946252,369,382,221,161,104,265,0.6471371504660453,0.6483456064927142,0.6483456064927142
17,1,23,0.6370023419203747,0.6574074074074074,0.7101827676240209,0.5788043478260869,0.671604938271605,0.6156069364161849,383,368,213,155,111,272,0.6458055925432756,0.6444935577250539,0.6444935577250539
17,1,24,0.6370023419203747,0.6851851851851852,0.7272727272727273,0.5888594164456233,0.6791510611735332,0.6333808844507846,374,377,222,155,102,272,0.6577896138482024,0.6580660718591753,0.6580660718591753
17,1,25,0.6314496314496314,0.6540697674418605,0.6835106382978723,0.6,0.6564495530012772,0.6258692628650904,376,375,225,150,119,257,0.6418109187749668,0.6417553191489361,0.6417553191489362
17,1,26,0.6438679245283019,0.6850152905198776,0.726063829787234,0.5973333333333334,0.6824999999999999,0.6381766381766382,376,375,224,151,103,273,0.6617842876165113,0.6616985815602836,0.6616985815602836
17,1,27,0.6308411214953271,0.6718266253869969,0.7180851063829787,0.5786666666666667,0.6716417910447762,0.6217765042979942,376,375,217,158,106,270,0.6484687083888149,0.6483758865248227,0.6483758865248227
17,1,28,0.6390977443609023,0.6590909090909091,0.68,0.6170212765957447,0.6589147286821705,0.6373626373626374,375,376,232,144,120,255,0.6484687083888149,0.6485106382978724,0.6485106382978723
17,1,29,0.6374407582938388,0.7021276595744681,0.7329700272479565,0.6015625,0.6818757921419518,0.6479663394109397,367,384,231,153,98,269,0.6657789613848203,0.6672662636239782,0.6672662636239782
17,1,30,0.6333333333333333,0.676737160120846,0.7131367292225201,0.5925925925925926,0.6708701134930644,0.6318758815232722,373,378,224,154,107,266,0.6524633821571239,0.6528646609075562,0.6528646609075563
17,1,31,0.628992628992629,0.6627906976744186,0.6881720430107527,0.6015831134564644,0.6572528883183568,0.6307053941908715,372,379,228,151,116,256,0.644474034620506,0.6448775782336087,0.6448775782336087
17,1,32,0.635678391959799,0.660056657223796,0.67828418230563,0.6164021164021164,0.6562905317769131,0.6374829001367989,373,378,233,145,120,253,0.6471371504660453,0.6473431493538733,0.6473431493538732
17,1,33,0.6495098039215687,0.6763848396501457,0.7047872340425532,0.6186666666666667,0.6760204081632653,0.6462395543175488,376,375,232,143,111,265,0.6617842876165113,0.6617269503546099,0.6617269503546099
17,1,34,0.6169724770642202,0.6730158730158731,0.7231182795698925,0.5593667546174143,0.6658415841584159,0.6109510086455331,372,379,212,167,103,269,0.640479360852197,0.6412425170936534,0.6412425170936533
17,1,35,0.6416861826697893,0.6697530864197531,0.7191601049868767,0.5864864864864865,0.6782178217821783,0.6253602305475504,381,370,217,153,107,274,0.6537949400798935,0.6528232957366815,0.6528232957366816
17,1,36,0.6365740740740741,0.6833855799373041,0.7313829787234043,0.5813333333333334,0.6806930693069306,0.6282420749279538,376,375,218,157,101,275,0.6564580559254327,0.6563581560283687,0.6563581560283688
17,1,37,0.6532663316582915,0.6572237960339944,0.6824146981627297,0.6270270270270271,0.6675224646983312,0.6417704011065007,381,370,232,138,121,260,0.6551264980026631,0.6547208625948784,0.6547208625948784
17,1,38,0.6304347826086957,0.6795252225519288,0.7073170731707317,0.599476439790576,0.6666666666666667,0.6369958275382476,369,382,229,153,108,261,0.6524633821571239,0.6533967564806538,0.6533967564806539
17,1,39,0.6157407407407407,0.658307210031348,0.7093333333333334,0.5585106382978723,0.6592317224287485,0.6043165467625898,375,376,210,166,109,266,0.6338215712383488,0.6339219858156029,0.6339219858156029
17,1,40,0.6186868686868687,0.6366197183098592,0.6550802139037433,0.5994694960212201,0.6363636363636364,0.6174863387978142,374,377,226,151,129,245,0.6271637816245007,0.6272748549624817,0.6272748549624817
17,1,41,0.6216867469879518,0.6428571428571429,0.6825396825396826,0.579088471849866,0.6506935687263556,0.609308885754584,378,373,216,157,120,258,0.6311584553928096,0.6308140771947742,0.6308140771947742
17,1,42,0.6447688564476886,0.6529411764705882,0.6919060052219321,0.6032608695652174,0.6675062972292191,0.6271186440677966,383,368,222,146,118,265,0.6484687083888149,0.6475834373935747,0.6475834373935747
17,1,43,0.6747311827956989,0.6675461741424802,0.6657824933687002,0.6764705882352942,0.6702269692923898,0.6719787516600266,377,374,253,121,126,251,0.6711051930758988,0.6711265408019972,0.6711265408019972
17,1,44,0.6277372262773723,0.6588235294117647,0.6898395721925134,0.5941644562334217,0.6573248407643312,0.6248256624825662,374,377,224,153,116,258,0.6418109187749668,0.6420020142129675,0.6420020142129675
17,1,45,0.653012048192771,0.6904761904761905,0.7226666666666667,0.6170212765957447,0.6860759493670886,0.651685393258427,375,376,232,144,104,271,0.6697736351531292,0.6698439716312057,0.6698439716312057
17,1,46,0.6209302325581395,0.660436137071651,0.7101063829787234,0.5653333333333334,0.6625310173697271,0.6091954022988506,376,375,212,163,109,267,0.6378162450066578,0.6377198581560284,0.6377198581560284
17,1,47,0.6103603603603603,0.6384364820846905,0.7094240837696335,0.5311653116531165,0.6561743341404358,0.5798816568047336,382,369,196,173,111,271,0.6218375499334221,0.620294697711375,0.620294697711375
17,1,48,0.6355140186915887,0.6811145510835913,0.7253333333333334,0.5851063829787234,0.6774595267745952,0.6294706723891274,375,376,220,156,103,272,0.6551264980026631,0.6552198581560285,0.6552198581560285
17,1,49,0.5978021978021978,0.6452702702702703,0.7214854111405835,0.5106951871657754,0.6538461538461539,0.5701492537313434,377,374,191,183,105,272,0.6165113182423435,0.6160902991531795,0.6160902991531795
17,1,50,0.6327543424317618,0.6580459770114943,0.6818181818181818,0.6074270557029178,0.6563706563706564,0.6317241379310344,374,377,229,148,119,255,0.644474034620506,0.6446226187605497,0.6446226187605498
17,1,51,0.6280788177339901,0.6579710144927536,0.6836461126005362,0.6005291005291006,0.6546854942233633,0.627939142461964,373,378,227,151,118,255,0.6418109187749668,0.6420876065648183,0.6420876065648184
17,1,52,0.6204379562043796,0.65,0.6818181818181818,0.5862068965517241,0.6496815286624203,0.6164574616457461,374,377,221,156,119,255,0.6338215712383488,0.6340125391849529,0.634012539184953
17,1,53,0.6329411764705882,0.6625766871165644,0.7097625329815304,0.5806451612903226,0.6691542288557214,0.6189111747851003,379,372,216,156,110,269,0.6458055925432756,0.6452038471359265,0.6452038471359265
17,1,54,0.6481927710843374,0.6607142857142857,0.7023498694516971,0.6032608695652174,0.6741854636591479,0.6306818181818181,383,368,222,146,114,269,0.6537949400798935,0.6528053695084572,0.6528053695084572
17,1,55,0.6649214659685864,0.6802168021680217,0.6827956989247311,0.662269129287599,0.6737400530503979,0.6711229946524064,372,379,251,128,118,254,0.6724367509986684,0.6725324141061649,0.6725324141061652
17,1,56,0.6376811594202898,0.6706231454005934,0.704,0.601063829787234,0.6692015209125475,0.6339410939691444,375,376,226,150,111,264,0.6524633821571239,0.652531914893617,0.652531914893617
17,1,57,0.6252821670428894,0.6818181818181818,0.7386666666666667,0.5585106382978723,0.6772616136919315,0.6140350877192982,375,376,210,166,98,277,0.6484687083888149,0.6485886524822695,0.6485886524822695
17,1,58,0.6571428571428571,0.6706948640483383,0.7168831168831169,0.6065573770491803,0.6857142857142857,0.6370157819225251,385,366,222,144,109,276,0.6631158455392809,0.6617202469661486,0.6617202469661486
17,1,59,0.6437054631828979,0.6848484848484848,0.7226666666666667,0.601063829787234,0.6809045226130653,0.6402266288951841,375,376,226,150,104,271,0.6617842876165113,0.6618652482269503,0.6618652482269503
17,1,60,0.627906976744186,0.6666666666666666,0.7161803713527851,0.5721925133689839,0.6691449814126393,0.6158273381294964,377,374,214,160,107,270,0.644474034620506,0.6441864423608845,0.6441864423608846
17,1,61,0.6228813559322034,0.7132616487455197,0.786096256684492,0.5278514588859416,0.6950354609929079,0.6067073170731707,374,377,199,178,80,294,0.6564580559254327,0.6569738577852169,0.6569738577852169
17,1,62,0.6425,0.6353276353276354,0.6675324675324675,0.6092896174863388,0.6547770700636942,0.6220362622036263,385,366,223,143,128,257,0.6391478029294274,0.6384110425094032,0.6384110425094033
17,1,63,0.6439024390243903,0.6744868035190615,0.704,0.6117021276595744,0.6726114649681529,0.6415620641562063,375,376,230,146,111,264,0.6577896138482024,0.6578510638297872,0.6578510638297872
17,1,64,0.6463414634146342,0.6803519061583577,0.7085561497326203,0.6153846153846154,0.6760204081632653,0.6462395543175488,374,377,232,145,109,265,0.6617842876165113,0.6619703825586178,0.6619703825586178
17,1,65,0.639225181598063,0.6627218934911243,0.6984126984126984,0.6005361930294906,0.6675094816687737,0.630098452883263,378,373,224,149,114,264,0.6498002663115846,0.6494744457210945,0.6494744457210945
17,1,66,0.6541176470588236,0.7085889570552147,0.7453083109919572,0.6111111111111112,0.6967418546365916,0.65625,373,378,231,147,95,278,0.677762982689747,0.6782097110515342,0.6782097110515342
17,1,67,0.636150234741784,0.683076923076923,0.7245989304812834,0.5888594164456233,0.6775,0.6324786324786325,374,377,222,155,103,271,0.6564580559254327,0.6567291734634534,0.6567291734634534
17,1,68,0.6327014218009479,0.6838905775075987,0.7196765498652291,0.5921052631578947,0.6733921815889029,0.6346967559943583,371,380,225,155,104,267,0.6551264980026631,0.6558909065115619,0.6558909065115619
17,1,69,0.6092233009708737,0.6194690265486725,0.6605263157894737,0.5660377358490566,0.6338383838383839,0.5915492957746479,380,371,210,161,129,251,0.6138482023968043,0.6132820258192652,0.613282025819265
17,1,70,0.6229116945107399,0.6716867469879518,0.7054054054054054,0.5853018372703412,0.661596958174905,0.6255259467040674,370,381,223,158,109,261,0.644474034620506,0.6453536213378732,0.6453536213378733
17,1,71,0.6862745098039216,0.7026239067055393,0.7329842931937173,0.6531165311653117,0.7088607594936709,0.6769662921348314,382,369,241,128,102,280,0.6937416777629827,0.6930504121795145,0.6930504121795145
17,1,72,0.6008869179600886,0.6933333333333334,0.7465564738292011,0.5360824742268041,0.6658476658476659,0.6046511627906977,363,388,208,180,92,271,0.6378162450066578,0.6413194740280026,0.6413194740280026
17,1,73,0.6420047732696897,0.6897590361445783,0.7231182795698925,0.604221635883905,0.6801517067003794,0.6441631504922644,372,379,229,150,103,269,0.6631158455392809,0.6636699577268987,0.6636699577268987
17,1,74,0.6202247191011236,0.6699346405228758,0.7320954907161804,0.5481283422459893,0.6715328467153284,0.6029411764705881,377,374,205,169,101,276,0.640479360852197,0.6401119164810848,0.6401119164810848
17,1,75,0.6557788944723618,0.6515580736543909,0.6796875,0.6267029972752044,0.6675191815856778,0.638888888888889,384,367,230,137,123,261,0.6537949400798935,0.6531952486376021,0.6531952486376021
17,1,76,0.6280193236714976,0.655786350148368,0.6914893617021277,0.5893333333333334,0.6582278481012658,0.6207865168539326,376,375,221,154,116,260,0.640479360852197,0.6404113475177304,0.6404113475177304
17,1,77,0.6478555304740407,0.6915584415584416,0.7513089005235603,0.5772357723577236,0.6957575757575758,0.6292466765140325,382,369,213,156,95,287,0.6657789613848203,0.6642723364406419,0.6642723364406419
17,1,78,0.6423529411764706,0.6840490797546013,0.726063829787234,0.5946666666666667,0.6816479400749063,0.6362339514978602,376,375,223,152,103,273,0.6604527296937417,0.6603652482269503,0.6603652482269504
17,1,79,0.6460396039603961,0.6801152737752162,0.7016129032258065,0.6226912928759895,0.6726804123711341,0.650137741046832,372,379,236,143,111,261,0.6617842876165113,0.6621520980508979,0.6621520980508979
17,1,80,0.6452380952380953,0.6948640483383686,0.728494623655914,0.6068601583113457,0.6843434343434345,0.6478873239436619,372,379,230,149,101,271,0.6671105193075899,0.6676773909836298,0.6676773909836298
17,1,81,0.6131221719457014,0.6699029126213593,0.7265415549597856,0.5476190476190477,0.6650306748466258,0.6026200873362446,373,378,207,171,102,271,0.6364846870838882,0.6370803012894166,0.6370803012894166
17,1,82,0.6282352941176471,0.6748466257668712,0.7158176943699732,0.582010582010582,0.6691729323308272,0.625,373,378,220,158,106,267,0.6484687083888149,0.6489141381902777,0.6489141381902775
17,1,83,0.647196261682243,0.6811145510835913,0.7289473684210527,0.5929919137466307,0.6856435643564357,0.6340057636887608,380,371,220,151,103,277,0.6617842876165113,0.6609696410838416,0.6609696410838416
17,1,84,0.6741854636591479,0.6676136363636364,0.6968911917098446,0.6438356164383562,0.6853503184713376,0.6555090655509066,386,365,235,130,117,269,0.6711051930758988,0.6703634040741004,0.6703634040741003
17,1,85,0.6533957845433255,0.7098765432098766,0.7479892761394102,0.6084656084656085,0.6975,0.6552706552706554,373,378,230,148,94,279,0.677762982689747,0.6782274423025093,0.6782274423025093
17,1,86,0.625,0.6501457725947521,0.68,0.5930851063829787,0.6513409961685823,0.6203059805285118,375,376,223,153,120,255,0.6364846870838882,0.6365425531914894,0.6365425531914893
17,1,87,0.6243523316062176,0.6219178082191781,0.6358839050131926,0.6102150537634409,0.6300653594771242,0.6160108548168249,379,372,227,145,138,241,0.6231691078561917,0.6230494793883167,0.6230494793883168
17,1,88,0.5982339955849889,0.6375838926174496,0.7150395778364116,0.510752688172043,0.6514423076923077,0.5671641791044777,379,372,190,182,108,271,0.6138482023968043,0.6128961330042273,0.6128961330042273
17,1,89,0.6416464891041163,0.6597633136094675,0.6973684210526315,0.601078167115903,0.6683480453972257,0.6290550070521862,380,371,223,148,115,265,0.6498002663115846,0.6492232940842672,0.6492232940842675
17,1,90,0.6303317535545023,0.6717325227963525,0.7112299465240641,0.5862068965517241,0.6683417085427136,0.6260623229461756,374,377,221,156,108,266,0.6484687083888149,0.6487184215378943,0.6487184215378942
17,1,91,0.6144859813084113,0.6625386996904025,0.706989247311828,0.5646437994722955,0.6575000000000001,0.6096866096866097,372,379,214,165,109,263,0.6351531291611185,0.6358165233920617,0.6358165233920617
17,1,92,0.6052009456264775,0.6189024390243902,0.6719160104986877,0.5486486486486486,0.6368159203980099,0.5816618911174785,381,370,203,167,125,256,0.611185086551265,0.6102823295736681,0.6102823295736681
17,1,93,0.6649874055415617,0.6836158192090396,0.7021276595744681,0.6453333333333333,0.6830530401034929,0.663923182441701,376,375,242,133,112,264,0.6737683089214381,0.6737304964539007,0.6737304964539007
17,1,94,0.6314553990610329,0.6615384615384615,0.7097625329815304,0.5779569892473119,0.6683229813664596,0.6169296987087518,379,372,215,157,110,269,0.644474034620506,0.643859761114421,0.6438597611144212
17,1,95,0.6139088729016786,0.6616766467065869,0.6937669376693767,0.5785340314136126,0.6513994910941475,0.6173184357541901,369,382,221,161,113,256,0.6351531291611185,0.6361504845414946,0.6361504845414946
17,1,96,0.6267942583732058,0.6696696696696697,0.7043010752688172,0.5883905013192612,0.6632911392405064,0.6264044943820224,372,379,223,156,110,262,0.6458055925432756,0.6463457882940392,0.6463457882940393
17,1,97,0.5966981132075472,0.6452599388379205,0.6856368563685636,0.5523560209424084,0.6380832282471626,0.5952045133991538,369,382,211,171,116,253,0.6178428761651131,0.618996438655486,0.618996438655486
17,1,98,0.6008869179600886,0.6666666666666666,0.7304582210242587,0.5263157894736842,0.6593673965936739,0.5882352941176471,371,380,200,180,100,271,0.6271637816245007,0.6283870052489715,0.6283870052489714
17,1,99,0.6442307692307693,0.6865671641791045,0.7184986595174263,0.6084656084656085,0.6793409378960711,0.6451612903225806,373,378,230,148,105,268,0.6631158455392809,0.6634821339915173,0.6634821339915173
19,1,0,0.662621359223301,0.6991150442477876,0.728,0.6303191489361702,0.6937738246505718,0.662937062937063,375,376,237,139,102,273,0.6790945406125166,0.6791595744680851,0.6791595744680852
19,1,1,0.6477272727272727,0.7170418006430869,0.7640750670241286,0.58994708994709,0.7011070110701105,0.6473149492017417,373,378,223,155,88,285,0.6764314247669774,0.6770110784856093,0.6770110784856094
19,1,2,0.6547619047619048,0.676737160120846,0.7198952879581152,0.6070460704607046,0.685785536159601,0.64,382,369,224,145,107,275,0.6644474034620506,0.6634706792094098,0.6634706792094099
19,1,3,0.6383495145631068,0.6519174041297935,0.6902887139107612,0.5972972972972973,0.6633039092055486,0.623413258110014,381,370,221,149,118,263,0.644474034620506,0.6437930056040293,0.6437930056040292
19,1,4,0.6698795180722892,0.7083333333333334,0.7393617021276596,0.6346666666666667,0.7029077117572694,0.669479606188467,376,375,238,137,98,278,0.6870838881491345,0.6870141843971633,0.6870141843971631
19,1,5,0.6235565819861432,0.6540880503144654,0.7105263157894737,0.5606469002695418,0.6642066420664205,0.6037735849056604,380,371,208,163,110,270,0.6364846870838882,0.6355866080295077,0.6355866080295078
19,1,6,0.63718820861678,0.6806451612903226,0.7394736842105263,0.568733153638814,0.6845310596833131,0.619676945668135,380,371,211,160,99,281,0.6551264980026631,0.6541034189246702,0.65410341892467
19,1,7,0.6467532467532467,0.6420765027322405,0.6552631578947369,0.633423180592992,0.6509803921568628,0.6377204884667572,380,371,235,136,131,249,0.644474034620506,0.6443431692438644,0.6443431692438644
19,1,8,0.6235294117647059,0.6779141104294478,0.7162162162162162,0.5800524934383202,0.6666666666666666,0.6251768033946252,370,381,221,160,105,265,0.6471371504660453,0.6481343548272682,0.6481343548272682
19,1,9,0.6348837209302326,0.67601246105919,0.7241379310344828,0.5802139037433155,0.6765799256505577,0.6244604316546764,377,374,217,157,104,273,0.6524633821571239,0.652175917388899,0.652175917388899
19,1,10,0.6590909090909091,0.6929577464788732,0.7054054054054054,0.6456692913385826,0.6814621409921671,0.6684782608695652,370,381,246,135,109,261,0.6750998668442078,0.6755373483719941,0.675537348371994
19,1,11,0.6462264150943396,0.6758409785932722,0.7210526315789474,0.5956873315363881,0.681592039800995,0.6332378223495703,380,371,221,150,106,274,0.6591211717709721,0.6583699815576678,0.6583699815576677
19,1,12,0.6452442159383034,0.6519337016574586,0.6657824933687002,0.6310160427807486,0.6553524804177545,0.6413043478260869,377,374,236,138,126,251,0.6484687083888149,0.6483992680747245,0.6483992680747244
19,1,13,0.6172566371681416,0.6822742474916388,0.7459893048128342,0.5411140583554377,0.6755447941888619,0.6035502958579881,374,377,204,173,95,279,0.6431424766977364,0.643551681584136,0.643551681584136
19,1,14,0.6348448687350835,0.6746987951807228,0.7112299465240641,0.5941644562334217,0.6708701134930644,0.6318758815232721,374,377,224,153,108,266,0.6524633821571239,0.652697201378743,0.652697201378743
19,1,15,0.6618705035971223,0.6946107784431138,0.7301587301587301,0.6219839142091153,0.6943396226415094,0.6562942008486562,378,373,232,141,102,276,0.6764314247669774,0.6760713221839227,0.6760713221839227
19,1,16,0.6372093023255814,0.6978193146417445,0.738544474393531,0.5894736842105263,0.6841448189762797,0.6390870185449358,371,380,224,156,97,274,0.6631158455392809,0.6640090793020287,0.6640090793020287
19,1,17,0.6642857142857143,0.6858006042296072,0.7284595300261096,0.6168478260869565,0.6948941469489415,0.6494992846924177,383,368,227,141,104,279,0.6737683089214381,0.6726536780565331,0.6726536780565331
19,1,18,0.6314496314496314,0.6627906976744186,0.6890080428954424,0.6031746031746031,0.658974358974359,0.631578947368421,373,378,228,150,116,257,0.6458055925432756,0.6460913230350229,0.6460913230350228
19,1,19,0.6382978723404256,0.6859756097560976,0.7238605898123325,0.5952380952380952,0.678391959798995,0.6373937677053825,373,378,225,153,103,270,0.6591211717709721,0.6595493425252139,0.6595493425252139
19,1,20,0.6434977578475336,0.7081967213114754,0.7632978723404256,0.576,0.6982968369829684,0.6352941176470588,376,375,216,159,89,287,0.6697736351531292,0.6696489361702128,0.6696489361702128
19,1,21,0.6072234762979684,0.6363636363636364,0.7060367454068242,0.5297297297297298,0.6529126213592233,0.5781710914454278,381,370,196,174,112,269,0.6191744340878829,0.6178832375682768,0.617883237568277
19,1,22,0.6334106728538283,0.678125,0.726063829787234,0.5786666666666667,0.6765799256505576,0.6244604316546762,376,375,217,158,103,273,0.6524633821571239,0.6523652482269503,0.6523652482269504
19,1,23,0.6268656716417911,0.6561604584527221,0.6774193548387096,0.604221635883905,0.6511627906976745,0.6291208791208791,372,379,229,150,120,252,0.640479360852197,0.6408204953613073,0.6408204953613074
19,1,24,0.6634844868735084,0.6987951807228916,0.7354497354497355,0.6219839142091153,0.6976160602258469,0.6581560283687944,378,373,232,141,100,278,0.6790945406125166,0.6787168248294253,0.6787168248294253
19,1,25,0.6329113924050633,0.6376404494382022,0.6596306068601583,0.6102150537634409,0.6459948320413437,0.6236263736263736,379,372,227,145,129,250,0.6351531291611185,0.6349228303117996,0.6349228303117996
19,1,26,0.6031746031746031,0.6548387096774193,0.7131367292225201,0.5370370370370371,0.6535626535626535,0.5901162790697674,373,378,203,175,107,266,0.6245006657789614,0.6250868831297786,0.6250868831297787
19,1,27,0.5827956989247312,0.6468531468531469,0.728494623655914,0.48812664907651715,0.6475507765830346,0.5563909774436091,372,379,185,194,101,271,0.607190412782956,0.6083106363662156,0.6083106363662156
19,1,28,0.621380846325167,0.7019867549668874,0.7560975609756098,0.5549738219895288,0.6821515892420539,0.6198830409356725,369,382,212,170,90,279,0.6537949400798935,0.6555356914825694,0.6555356914825693
19,1,29,0.6438356164383562,0.7060702875399361,0.7540106951871658,0.5862068965517241,0.6945812807881774,0.6405797101449275,374,377,221,156,92,282,0.6697736351531292,0.6701087958694449,0.670108795869445
19,1,30,0.6164705882352941,0.6687116564417178,0.7081081081081081,0.5721784776902887,0.6591194968553459,0.6166902404526167,370,381,218,163,108,262,0.6391478029294274,0.6401432928991984,0.6401432928991985
19,1,31,0.636144578313253,0.6488095238095238,0.6910994764397905,0.5907859078590786,0.6624843161856964,0.6184397163120567,382,369,218,151,118,264,0.6418109187749668,0.6409426921494346,0.6409426921494346
19,1,32,0.6013513513513513,0.6384364820846905,0.7063492063492064,0.5254691689008043,0.6496350364963502,0.5764705882352941,378,373,196,177,111,267,0.6165113182423435,0.6159091876250053,0.6159091876250053
19,1,33,0.6009174311926605,0.6507936507936508,0.7043010752688172,0.5408970976253298,0.6485148514851485,0.590778097982709,372,379,205,174,110,262,0.6218375499334221,0.6225990864470735,0.6225990864470735
19,1,34,0.6455981941309256,0.7077922077922078,0.7606382978723404,0.5813333333333334,0.6984126984126984,0.6383601756954612,376,375,218,157,90,286,0.6711051930758988,0.6709858156028368,0.6709858156028368
19,1,35,0.6141176470588235,0.6656441717791411,0.7054054054054054,0.5695538057742782,0.6566037735849057,0.6138613861386137,370,381,217,164,109,261,0.6364846870838882,0.6374796055898418,0.6374796055898418
19,1,36,0.6437346437346437,0.6802325581395349,0.7043010752688172,0.6174142480211082,0.6726572528883182,0.6473029045643154,372,379,234,145,110,262,0.6604527296937417,0.6608576616449628,0.6608576616449628
19,1,37,0.6451612903225806,0.6551724137931034,0.6842105263157895,0.6145552560646901,0.6641123882503193,0.6342141863699583,380,371,228,143,120,260,0.6498002663115846,0.6493828911902397,0.6493828911902398
19,1,38,0.6137931034482759,0.689873417721519,0.7315068493150685,0.5647668393782384,0.6675,0.6210826210826211,365,386,218,168,98,267,0.6458055925432756,0.6481368443466534,0.6481368443466534
19,1,39,0.633177570093458,0.6656346749226006,0.7150395778364116,0.5779569892473119,0.6716232961586122,0.6187050359712231,379,372,215,157,108,271,0.6471371504660453,0.6464982835418616,0.6464982835418617
19,1,40,0.6133333333333333,0.6777408637873754,0.739946380697051,0.5396825396825397,0.6707168894289186,0.6008836524300443,373,378,204,174,97,276,0.6391478029294274,0.6398144601897954,0.6398144601897953
19,1,41,0.6232876712328768,0.670926517571885,0.726063829787234,0.56,0.6707616707616708,0.6104651162790699,376,375,210,165,103,273,0.6431424766977364,0.643031914893617,0.6430319148936171
19,1,42,0.6189376443418014,0.6666666666666666,0.7165775401069518,0.5623342175066313,0.664188351920694,0.6100719424460432,374,377,212,165,106,268,0.6391478029294274,0.6394558788067916,0.6394558788067916
19,1,43,0.6278538812785388,0.6805111821086262,0.7333333333333333,0.5664893617021277,0.6765067650676507,0.6182873730043542,375,376,213,163,100,275,0.6498002663115846,0.6499113475177305,0.6499113475177305
19,1,44,0.6318407960199005,0.6418338108882522,0.6701846965699209,0.6021505376344086,0.6504481434058899,0.6213592233009709,379,372,224,148,125,254,0.6364846870838882,0.6361676171021647,0.6361676171021646
19,1,45,0.6488372093023256,0.7040498442367601,0.7459893048128342,0.5994694960212201,0.6940298507462687,0.6475644699140402,374,377,226,151,95,279,0.6724367509986684,0.6727294004170271,0.6727294004170271
19,1,46,0.6157407407407407,0.6802507836990596,0.7228260869565217,0.566579634464752,0.6649999999999999,0.6182336182336182,368,383,217,166,102,266,0.6431424766977364,0.6447028607106369,0.6447028607106369
19,1,47,0.6126760563380281,0.6646153846153846,0.7054054054054054,0.5669291338582677,0.6557788944723617,0.6118980169971671,370,381,216,165,109,261,0.6351531291611185,0.6361672696318366,0.6361672696318366
19,1,48,0.6322115384615384,0.6626865671641791,0.699468085106383,0.592,0.6641414141414141,0.6253521126760563,376,375,222,153,113,263,0.6458055925432756,0.6457340425531917,0.6457340425531916
19,1,49,0.664,0.6702127659574468,0.6675603217158177,0.6666666666666666,0.6657754010695188,0.6684350132625994,373,378,252,126,124,249,0.6671105193075899,0.6671134941912422,0.6671134941912421
19,1,50,0.647982062780269,0.7049180327868853,0.762532981530343,0.5779569892473119,0.7006060606060606,0.6351550960118169,379,372,215,157,90,289,0.6711051930758988,0.6702449853888273,0.6702449853888275
19,1,51,0.639080459770115,0.689873417721519,0.7393617021276596,0.5813333333333334,0.68557336621455,0.6309696092619392,376,375,218,157,98,278,0.6604527296937417,0.6603475177304964,0.6603475177304964
19,1,52,0.6202830188679245,0.6605504587155964,0.7032085561497327,0.5729442970822282,0.6591478696741854,0.6136363636363636,374,377,216,161,111,263,0.6378162450066578,0.6380764266159803,0.6380764266159804
19,1,53,0.6241457858769932,0.6730769230769231,0.7287234042553191,0.56,0.6723926380368099,0.611353711790393,376,375,210,165,102,274,0.644474034620506,0.6443617021276595,0.6443617021276598
19,1,54,0.616822429906542,0.6625386996904025,0.707774798927614,0.5661375661375662,0.6591760299625469,0.6105563480741797,373,378,214,164,109,264,0.6364846870838882,0.63695618253259,0.63695618253259
19,1,55,0.6401985111662531,0.6551724137931034,0.6825396825396826,0.6112600536193029,0.6606914212548015,0.6324549237170596,378,373,228,145,120,258,0.6471371504660453,0.6468998680794927,0.6468998680794927
19,1,56,0.6285046728971962,0.6842105263157895,0.7250673854447439,0.5815789473684211,0.6733416770963704,0.6287339971550499,371,380,221,159,102,269,0.6524633821571239,0.6533231664065824,0.6533231664065824
19,1,57,0.6691176470588235,0.6676384839650146,0.7054263565891473,0.6291208791208791,0.6867924528301887,0.6478076379066479,387,364,229,135,114,273,0.6684420772303595,0.6672736178550132,0.6672736178550132
19,1,58,0.6325581395348837,0.67601246105919,0.723404255319149,0.5786666666666667,0.674937965260546,0.6235632183908045,376,375,217,158,104,272,0.6511318242343542,0.6510354609929079,0.6510354609929078
19,1,59,0.6264236902050114,0.6634615384615384,0.7236842105263158,0.5579514824797843,0.6715506715506716,0.6061493411420205,380,371,207,164,105,275,0.6418109187749668,0.6408178465030502,0.64081784650305
19,1,60,0.6090909090909091,0.6559485530546624,0.7146666666666667,0.5425531914893617,0.6576687116564417,0.593886462882096,375,376,204,172,107,268,0.6284953395472703,0.6286099290780143,0.6286099290780142
19,1,61,0.6339066339066339,0.6744186046511628,0.6972972972972973,0.6089238845144357,0.6640926640926641,0.64,370,381,232,149,112,258,0.6524633821571239,0.6531105909058664,0.6531105909058665
19,1,62,0.6399026763990268,0.6852941176470588,0.7108108108108108,0.6115485564304461,0.673495518565941,0.6463245492371706,370,381,233,148,107,263,0.6604527296937417,0.6611796836206285,0.6611796836206286
19,1,63,0.6273148148148148,0.664576802507837,0.716931216931217,0.5683646112600537,0.6691358024691358,0.6127167630057804,378,373,212,161,107,271,0.6431424766977364,0.6426479140956353,0.6426479140956353
19,1,64,0.6280623608017817,0.6986754966887417,0.7560321715817694,0.5582010582010583,0.6861313868613138,0.6205882352941177,373,378,211,167,91,282,0.6564580559254327,0.6571166148914137,0.6571166148914138
19,1,65,0.6487804878048781,0.6598240469208211,0.6963350785340314,0.6097560975609756,0.6717171717171718,0.6338028169014084,382,369,225,144,116,266,0.6537949400798935,0.6530455880475036,0.6530455880475035
19,1,66,0.6258992805755396,0.6526946107784432,0.6923076923076923,0.5828877005347594,0.6574307304785895,0.615819209039548,377,374,218,156,116,261,0.6378162450066578,0.6375976964212258,0.6375976964212259
19,1,67,0.6109839816933639,0.6560509554140127,0.712,0.5478723404255319,0.6576354679802957,0.5971014492753624,375,376,206,170,108,267,0.62982689747004,0.6299361702127659,0.6299361702127659
19,1,68,0.605568445475638,0.66875,0.7111716621253406,0.5572916666666666,0.6541353383458647,0.6079545454545453,367,384,214,170,106,261,0.6324900133155792,0.6342316643960038,0.6342316643960035
19,1,69,0.6307339449541285,0.6666666666666666,0.7236842105263158,0.5660377358490566,0.6740196078431372,0.6122448979591837,380,371,210,161,105,275,0.6458055925432756,0.6448609731876862,0.6448609731876861
19,1,70,0.6595744680851063,0.7103658536585366,0.7459893048128342,0.6180371352785146,0.700125470514429,0.6609929078014185,374,377,233,144,95,279,0.681757656458056,0.6820132200456743,0.6820132200456743
19,1,71,0.6069868995633187,0.6996587030716723,0.7595628415300546,0.5324675324675324,0.6747572815533981,0.6047197640117994,366,385,205,180,88,278,0.6431424766977364,0.6460151869987936,0.6460151869987935
19,1,72,0.6221198156682027,0.7003154574132492,0.7397260273972602,0.5751295336787565,0.6758448060075094,0.6315789473684211,365,386,222,164,95,270,0.6551264980026631,0.6574277805380084,0.6574277805380084
19,1,73,0.6540404040404041,0.6788732394366197,0.6943699731903485,0.6375661375661376,0.6736020806241872,0.6575716234652114,373,378,241,137,114,259,0.6657789613848203,0.665968055378243,0.665968055378243
19,1,74,0.6649746192893401,0.6778711484593838,0.6949602122015915,0.6470588235294118,0.6796368352788587,0.6621067031463748,377,374,242,132,115,262,0.6711051930758988,0.6710095178655016,0.6710095178655016
19,1,75,0.657074340527578,0.6976047904191617,0.7306666666666667,0.6196808510638298,0.6919191919191919,0.6563380281690141,375,376,233,143,101,274,0.6750998668442078,0.6751737588652482,0.6751737588652483
19,1,76,0.6346604215456675,0.6820987654320988,0.7245989304812834,0.5862068965517241,0.6766541822721599,0.6305278174037089,374,377,221,156,103,271,0.6551264980026631,0.6554029135165038,0.6554029135165038
19,1,77,0.6146993318485523,0.6589403973509934,0.7282321899736148,0.5349462365591398,0.6666666666666666,0.5905044510385756,379,372,199,173,103,276,0.6324900133155792,0.6315892132663772,0.6315892132663773
19,1,78,0.6501182033096927,0.6920731707317073,0.7313829787234043,0.6053333333333333,0.6883604505632039,0.6458036984352773,376,375,227,148,101,275,0.6684420772303595,0.6683581560283688,0.6683581560283688
19,1,79,0.6033254156769596,0.6575757575757576,0.6920980926430518,0.5651041666666666,0.6446700507614214,0.607843137254902,367,384,217,167,113,254,0.6271637816245007,0.6286011296548593,0.6286011296548591
19,1,80,0.628175519630485,0.6698113207547169,0.7214854111405835,0.56951871657754,0.671604938271605,0.6156069364161849,377,374,213,161,105,272,0.6458055925432756,0.6455020638590618,0.6455020638590617
19,1,81,0.6453900709219859,0.6859756097560976,0.726063829787234,0.6,0.6833541927409261,0.6401137980085349,376,375,225,150,103,273,0.6631158455392809,0.663031914893617,0.663031914893617
19,1,82,0.6187050359712231,0.6706586826347305,0.7010869565217391,0.5848563968668408,0.6573248407643313,0.6248256624825662,368,383,224,159,110,258,0.6418109187749668,0.64297167669429,0.64297167669429
19,1,83,0.6539379474940334,0.6837349397590361,0.7229551451187335,0.6102150537634409,0.68671679197995,0.6448863636363636,379,372,227,145,105,274,0.6671105193075899,0.6665850994410871,0.6665850994410872
19,1,84,0.6309523809523809,0.6737160120845922,0.710455764075067,0.58994708994709,0.6683480453972257,0.6290550070521862,373,378,223,155,108,265,0.6498002663115846,0.6502014270110785,0.6502014270110785
19,1,85,0.6161137440758294,0.6413373860182371,0.6878306878306878,0.5656836461126006,0.65,0.6011396011396012,378,373,211,162,118,260,0.6271637816245007,0.6267571669716442,0.6267571669716443
19,1,86,0.6334841628959276,0.6763754045307443,0.7368421052631579,0.5633423180592992,0.6812652068126519,0.6147058823529411,380,371,209,162,100,280,0.6511318242343542,0.6500922116612285,0.6500922116612287
19,1,87,0.6419753086419753,0.6647398843930635,0.6914893617021277,0.6133333333333333,0.6658130601792572,0.6380027739251038,376,375,230,145,116,260,0.6524633821571239,0.6524113475177304,0.6524113475177303
19,1,88,0.6428571428571429,0.6753623188405797,0.6997319034852547,0.6164021164021164,0.6700898587933247,0.644536652835408,373,378,233,145,112,261,0.6577896138482024,0.6580670099436856,0.6580670099436855
19,1,89,0.6401028277634961,0.6298342541436464,0.6501305483028721,0.6195652173913043,0.6450777202072538,0.6246575342465754,383,368,228,140,134,249,0.6351531291611185,0.6348478828470882,0.6348478828470882
19,1,90,0.6417525773195877,0.6584022038567493,0.6675603217158177,0.6322751322751323,0.6544021024967148,0.6450742240215925,373,378,239,139,124,249,0.6498002663115846,0.649917726995475,0.649917726995475
19,1,91,0.6363636363636364,0.707395498392283,0.7547169811320755,0.5789473684210527,0.6905055487053021,0.6367583212735167,371,380,220,160,91,280,0.6657789613848203,0.6668321747765642,0.6668321747765642
19,1,92,0.6545012165450121,0.6705882352941176,0.7060367454068242,0.6162162162162163,0.6792929292929293,0.6422535211267606,381,370,228,142,112,269,0.6617842876165113,0.66112648081152,0.6611264808115201
19,1,93,0.6310904872389791,0.659375,0.7139107611548556,0.5702702702702702,0.6699507389162562,0.6115942028985507,381,370,211,159,109,272,0.6431424766977364,0.6420905157125629,0.6420905157125629
19,1,94,0.5883720930232558,0.6479750778816199,0.6912568306010929,0.5402597402597402,0.6356783919597989,0.5892351274787535,366,385,208,177,113,253,0.6138482023968043,0.6157582854304166,0.6157582854304166
19,1,95,0.6520618556701031,0.6556473829201102,0.6693121693121693,0.6380697050938338,0.6605744125326372,0.6467391304347826,378,373,238,135,125,253,0.6537949400798935,0.6536909372030015,0.6536909372030015
19,1,96,0.6675257731958762,0.6639118457300276,0.6797900262467191,0.6513513513513514,0.6736020806241872,0.6575716234652115,381,370,241,129,122,259,0.6657789613848203,0.6655706887990352,0.6655706887990352
19,1,97,0.6163793103448276,0.686411149825784,0.7606382978723404,0.5253333333333333,0.6809523809523809,0.595166163141994,376,375,197,178,90,286,0.6431424766977364,0.6429858156028367,0.6429858156028369
19,1,98,0.6208530805687204,0.6474164133738601,0.6931216931216931,0.5710455764075067,0.655,0.6068376068376069,378,373,213,160,116,262,0.6324900133155792,0.6320836347645998,0.6320836347645999
19,1,99,0.6435406698564593,0.6936936936936937,0.7250673854447439,0.6078947368421053,0.6818757921419518,0.6479663394109396,371,380,231,149,102,269,0.6657789613848203,0.6664810611434245,0.6664810611434246
3,0,0,0.384297520661157,0.8706986444212722,0.2727272727272727,0.9180868609125893,0.3190394511149228,0.8937650521808939,341,1819,1670,149,248,93,0.8162037037037037,0.5954070668199309,0.5954070668199309
3,0,1,0.39330543933054396,0.8703800104112441,0.27405247813411077,0.9201981287837094,0.3230240549828179,0.8945960406634563,343,1817,1672,145,249,94,0.8175925925925925,0.5971253034589101,0.5971253034589101
3,0,2,0.39823008849557523,0.860392967942089,0.25,0.9244444444444444,0.30716723549488056,0.8912694161756829,360,1800,1664,136,270,90,0.812037037037037,0.5872222222222222,0.5872222222222222
3,0,3,0.3875,0.8765625,0.2818181818181818,0.919672131147541,0.3263157894736842,0.8976000000000001,330,1830,1683,147,237,93,0.8222222222222222,0.6007451564828613,0.6007451564828614
3,0,4,0.37446808510638296,0.8732467532467533,0.26506024096385544,0.9195842450765864,0.31040564373897706,0.8958166799893419,332,1828,1681,147,244,88,0.8189814814814815,0.592322243020221,0.5923222430202209
3,0,5,0.38235294117647056,0.8720083246618107,0.27002967359050445,0.9193636862314866,0.31652173913043474,0.895060080106809,337,1823,1676,147,246,91,0.8180555555555555,0.5946966799109954,0.5946966799109954
3,0,6,0.40350877192982454,0.8690476190476191,0.26666666666666666,0.925068870523416,0.32111692844677137,0.8961836135575127,345,1815,1679,136,253,92,0.8199074074074074,0.5958677685950413,0.5958677685950413
3,0,7,0.38271604938271603,0.865414710485133,0.26495726495726496,0.9170812603648425,0.3131313131313131,0.8904991948470209,351,1809,1659,150,258,93,0.8111111111111111,0.5910192626610538,0.5910192626610538
3,0,8,0.41150442477876104,0.8681489141675285,0.2672413793103448,0.9266004415011038,0.32404181184668984,0.8964228510411106,348,1812,1679,133,255,93,0.8203703703703704,0.5969209104057243,0.5969209104057243
3,0,9,0.3826086956521739,0.8735751295336788,0.26506024096385544,0.9223194748358862,0.3131672597864769,0.8972857903139968,332,1828,1686,142,244,88,0.8212962962962963,0.5936898578998708,0.5936898578998708
3,0,10,0.411522633744856,0.8748043818466353,0.29411764705882354,0.9214285714285714,0.3430531732418525,0.8975113727588976,340,1820,1677,143,240,100,0.8226851851851852,0.6077731092436975,0.6077731092436974
3,0,11,0.3991769547325103,0.8675013041210224,0.27635327635327633,0.9192924267551134,0.3265993265993266,0.8926462694578636,351,1809,1663,146,254,97,0.8148148148148148,0.5978228515541948,0.5978228515541948
3,0,12,0.3983050847457627,0.8711018711018711,0.27485380116959063,0.9218921892189219,0.32525951557093424,0.8957776590058792,342,1818,1676,142,248,94,0.8194444444444444,0.5983729951942564,0.5983729951942564
3,0,13,0.40772532188841204,0.8676699532952776,0.2714285714285714,0.9237569060773481,0.3259005145797599,0.8948354294888948,350,1810,1672,138,255,95,0.8180555555555555,0.5975927387529597,0.5975927387529598
3,0,14,0.4063926940639269,0.8696548171045853,0.260233918128655,0.9284928492849285,0.3172905525846702,0.8981111997871775,342,1818,1688,130,253,89,0.8226851851851852,0.5943633837067918,0.5943633837067916
3,0,15,0.39662447257383965,0.8720748829953198,0.27647058823529413,0.9214285714285714,0.32582322357019067,0.8960726689820998,340,1820,1677,143,246,94,0.8199074074074074,0.5989495798319329,0.5989495798319326
3,0,16,0.4107142857142857,0.8677685950413223,0.26436781609195403,0.9271523178807947,0.3216783216783217,0.8964781216648879,348,1812,1680,132,256,92,0.8203703703703704,0.5957600669863743,0.5957600669863743
3,0,17,0.38666666666666666,0.8682170542635659,0.2543859649122807,0.9240924092409241,0.3068783068783069,0.8952837729816148,342,1818,1680,138,255,87,0.8180555555555555,0.5892391870766024,0.5892391870766024
3,0,18,0.39819004524886875,0.8653945332645694,0.2521489971346705,0.9265599116510216,0.3087719298245614,0.8949333333333332,349,1811,1678,133,261,88,0.8175925925925925,0.589354454392846,0.5893544543928461
3,0,19,0.38626609442060084,0.8713025428126622,0.26627218934911245,0.9215148188803512,0.31523642732049034,0.8957055214723927,338,1822,1679,143,248,90,0.8189814814814815,0.5938935041147319,0.5938935041147319
3,0,20,0.3686440677966102,0.8659043659043659,0.25217391304347825,0.9179063360881543,0.29948364888123924,0.891147365605777,345,1815,1666,149,258,87,0.8115740740740741,0.5850401245658162,0.5850401245658163
3,0,21,0.38016528925619836,0.867570385818561,0.2658959537572254,0.9173098125689085,0.31292517006802717,0.8917470525187567,346,1814,1664,150,254,92,0.812962962962963,0.591602883163067,0.591602883163067
3,0,22,0.375,0.8744747899159664,0.2865671641791045,0.9123287671232877,0.3248730964467005,0.8930008045052292,335,1825,1665,160,239,96,0.8152777777777778,0.5994479656511961,0.5994479656511961
3,0,23,0.4041666666666667,0.8671875,0.2755681818181818,0.9209070796460177,0.32770270270270274,0.8932403433476395,352,1808,1665,143,255,97,0.8157407407407408,0.5982376307320998,0.5982376307320998
3,0,24,0.35833333333333334,0.8697916666666666,0.25595238095238093,0.9155701754385965,0.29861111111111105,0.892094017094017,336,1824,1670,154,250,86,0.812962962962963,0.5857612781954887,0.5857612781954887
3,0,25,0.4043478260869565,0.8683937823834197,0.2680115273775216,0.924434638720353,0.3223570190641248,0.8955383382313652,347,1813,1676,137,254,93,0.8189814814814815,0.5962230830489373,0.5962230830489373
3,0,26,0.3972602739726027,0.8706852138073158,0.257396449704142,0.9275521405049396,0.3123877917414722,0.8982195057135264,338,1822,1690,132,251,87,0.8226851851851852,0.5924742951045407,0.5924742951045409
3,0,27,0.3855932203389831,0.8695426195426196,0.26608187134502925,0.9202420242024203,0.314878892733564,0.8941742383752005,342,1818,1673,145,251,91,0.8166666666666667,0.5931619477737248,0.5931619477737248
3,0,28,0.37083333333333335,0.8713541666666667,0.2648809523809524,0.9172149122807017,0.3090277777777778,0.8936965811965811,336,1824,1673,151,247,89,0.8157407407407408,0.591047932330827,0.5910479323308271
3,0,29,0.40969162995594716,0.8618727366787378,0.25833333333333336,0.9255555555555556,0.31686541737649065,0.8925796946155906,360,1800,1666,134,267,93,0.8143518518518519,0.5919444444444445,0.5919444444444444
3,0,30,0.4,0.8666666666666667,0.25862068965517243,0.9254966887417219,0.31413612565445026,0.8951160928742996,348,1812,1677,135,258,90,0.8180555555555555,0.5920586891984472,0.5920586891984472
3,0,31,0.3991031390134529,0.8647392875580795,0.2535612535612536,0.9259259259259259,0.3101045296167248,0.8942872397223706,351,1809,1675,134,262,89,0.8166666666666667,0.5897435897435898,0.5897435897435898
3,0,32,0.4,0.8692708333333333,0.276657060518732,0.9205736348593492,0.3270868824531516,0.8941869809804447,347,1813,1669,144,251,96,0.8171296296296297,0.5986153476890406,0.5986153476890406
3,0,33,0.41304347826086957,0.872020725388601,0.2777777777777778,0.9257425742574258,0.3321678321678322,0.8980789754535752,342,1818,1683,135,247,95,0.8231481481481482,0.6017601760176017,0.6017601760176017
3,0,34,0.39565217391304347,0.8678756476683938,0.2630057803468208,0.9233737596471885,0.3159722222222222,0.8947649572649573,346,1814,1675,139,255,91,0.8175925925925925,0.5931897699970046,0.5931897699970046
3,0,35,0.38095238095238093,0.8715932914046122,0.28152492668621704,0.914238592633315,0.3237774030354132,0.8924067614703515,341,1819,1663,156,245,96,0.8143518518518519,0.597881759659766,0.597881759659766
3,0,36,0.3891213389121339,0.8703800104112441,0.2719298245614035,0.9196919691969196,0.32013769363166955,0.8943567798876705,342,1818,1672,146,249,93,0.8171296296296297,0.5958108968791616,0.5958108968791616
3,0,37,0.39330543933054396,0.8662155127537741,0.2678062678062678,0.9198452183526811,0.3186440677966102,0.8922252010723861,351,1809,1664,145,257,94,0.8138888888888889,0.5938257430794744,0.5938257430794744
3,0,38,0.3983050847457627,0.8685031185031185,0.27089337175792505,0.921676778819636,0.32246998284734135,0.8943002408348941,347,1813,1671,142,253,94,0.8171296296296297,0.5962850752887804,0.5962850752887805
3,0,39,0.3651452282157676,0.8707660239708181,0.2619047619047619,0.9161184210526315,0.3050259965337955,0.8928666844776916,336,1824,1671,153,248,88,0.8143518518518519,0.5890115914786967,0.5890115914786966
3,0,40,0.3991031390134529,0.8657718120805369,0.25501432664756446,0.9260077305356157,0.31118881118881114,0.8948772678762007,349,1811,1677,134,260,89,0.8175925925925925,0.59051102859159,0.5905110285915901
3,0,41,0.40948275862068967,0.8672199170124482,0.2706552706552707,0.9242675511332228,0.3259005145797599,0.8948354294888948,351,1809,1672,137,256,95,0.8180555555555555,0.5974614108942468,0.5974614108942466
3,0,42,0.38132295719844356,0.8744088281660536,0.29080118694362017,0.9127811300054854,0.32996632996632996,0.8931830381105743,337,1823,1664,159,239,98,0.8157407407407408,0.6017911584745529,0.6017911584745528
3,0,43,0.42152466367713004,0.8652555498193082,0.2647887323943662,0.9285318559556787,0.32525951557093424,0.8957776590058791,355,1805,1676,129,261,94,0.8194444444444444,0.5966602941750225,0.5966602941750224
3,0,44,0.38095238095238093,0.8652151373768792,0.25287356321839083,0.9210816777041942,0.30397236614853196,0.89227479283614,348,1812,1669,143,260,88,0.8134259259259259,0.5869776204612924,0.5869776204612925
3,0,45,0.37344398340248963,0.8671182907764461,0.2608695652173913,0.9168044077134986,0.3071672354948805,0.891269416175683,345,1815,1664,151,255,90,0.812037037037037,0.5888369864654449,0.588836986465445
3,0,46,0.3817427385892116,0.8671182907764461,0.26512968299711814,0.9178157749586321,0.3129251700680272,0.8917470525187569,347,1813,1664,149,255,92,0.812962962962963,0.5914727289778752,0.5914727289778751
3,0,47,0.38493723849372385,0.8677771993753254,0.2658959537572254,0.9189636163175303,0.3145299145299145,0.8926372155287818,346,1814,1667,147,254,92,0.8143518518518519,0.5924297850373779,0.5924297850373779
3,0,48,0.375,0.8724066390041494,0.26126126126126126,0.9206349206349206,0.30796460176991153,0.8958721704394141,333,1827,1682,145,246,87,0.8189814814814815,0.590948090948091,0.5909480909480909
3,0,49,0.4009216589861751,0.8661863098301595,0.2507204610951009,0.9282956425813569,0.30851063829787234,0.8961661341853034,347,1813,1683,130,260,87,0.8194444444444444,0.5895080518382289,0.5895080518382289
3,0,50,0.4155844155844156,0.8672887506480041,0.2727272727272727,0.9253318584070797,0.3293310463121784,0.8953706181428953,352,1808,1673,135,256,96,0.8189814814814815,0.5990295655671761,0.5990295655671762
3,0,51,0.40869565217391307,0.8663212435233161,0.26704545454545453,0.9247787610619469,0.32302405498281783,0.8945960406634563,352,1808,1672,136,258,94,0.8175925925925925,0.5959121078037007,0.5959121078037007
3,0,52,0.38095238095238093,0.8683255572835666,0.2573099415204678,0.9213421342134214,0.30715532286212915,0.8940485721910862,342,1818,1675,143,254,88,0.8162037037037037,0.5893260378669446,0.5893260378669446
3,0,53,0.3790322580645161,0.8723849372384938,0.2781065088757396,0.9154774972557629,0.32081911262798635,0.8934118907337976,338,1822,1668,154,244,94,0.8157407407407408,0.5967920030657512,0.5967920030657512
3,0,54,0.38626609442060084,0.868188894654904,0.2616279069767442,0.9212555066079295,0.3119584055459272,0.893935345979161,344,1816,1673,143,254,90,0.8162037037037037,0.5914417067923369,0.5914417067923369
3,0,55,0.3625,0.875,0.26605504587155965,0.9165302782324058,0.30687830687830686,0.8952837729816147,327,1833,1680,153,240,87,0.8180555555555555,0.5912926620519827,0.5912926620519827
3,0,56,0.3922413793103448,0.8724066390041494,0.27002967359050445,0.9226549643444871,0.3198594024604569,0.8968275126632899,337,1823,1682,141,246,91,0.8208333333333333,0.5963423189674958,0.5963423189674958
3,0,57,0.37037037037037035,0.8675013041210224,0.2616279069767442,0.9157488986784141,0.30664395229982966,0.8909724082507368,344,1816,1663,153,254,90,0.8115740740740741,0.5886884028275792,0.5886884028275792
3,0,58,0.40969162995594716,0.8696326952922918,0.26956521739130435,0.9261707988980716,0.32517482517482516,0.8970117395944504,345,1815,1681,134,252,93,0.8212962962962963,0.597868008144688,0.597868008144688
3,0,59,0.38524590163934425,0.8689979123173278,0.27246376811594203,0.9173553719008265,0.31918505942275044,0.8925221120343071,345,1815,1665,150,251,94,0.8143518518518519,0.5949095700083843,0.5949095700083843
3,0,60,0.4017094017094017,0.8665628245067497,0.2678062678062678,0.9226091763405196,0.32136752136752134,0.8937081659973226,351,1809,1669,140,257,94,0.8162037037037037,0.5952077220733937,0.5952077220733938
3,0,61,0.39316239316239315,0.8712357217030114,0.27058823529411763,0.921978021978022,0.3205574912891986,0.8958889482114256,340,1820,1678,142,248,92,0.8194444444444444,0.5962831286360698,0.5962831286360699
3,0,62,0.36363636363636365,0.8678071539657853,0.24778761061946902,0.9192751235584844,0.29473684210526313,0.8928,339,1821,1674,147,255,84,0.8138888888888889,0.5835313670889767,0.5835313670889767
3,0,63,0.39662447257383965,0.8694747789911597,0.27246376811594203,0.9212121212121213,0.3230240549828179,0.8945960406634564,345,1815,1672,143,251,94,0.8175925925925925,0.5968379446640316,0.5968379446640317
3,0,64,0.3803418803418803,0.867601246105919,0.25872093023255816,0.9201541850220264,0.3079584775086505,0.8931052912880812,344,1816,1671,145,255,89,0.8148148148148148,0.5894375576272922,0.5894375576272922
3,0,65,0.3877551020408163,0.8668407310704961,0.2714285714285714,0.9171270718232044,0.319327731092437,0.8912751677852349,350,1810,1660,150,255,95,0.8125,0.5942778216258878,0.5942778216258879
3,0,66,0.39565217391304347,0.8683937823834197,0.263768115942029,0.9234159779614325,0.31652173913043474,0.895060080106809,345,1815,1676,139,254,91,0.8180555555555555,0.5935920469517307,0.5935920469517307
3,0,67,0.3949579831932773,0.8694068678459937,0.27246376811594203,0.9206611570247933,0.32246998284734135,0.8943002408348943,345,1815,1671,144,251,94,0.8171296296296297,0.5965624625703677,0.5965624625703677
3,0,68,0.38362068965517243,0.8682572614107884,0.2594752186588921,0.9212988442487617,0.3095652173913043,0.8939919893190922,343,1817,1674,143,254,89,0.8162037037037037,0.590387031453827,0.5903870314538269
3,0,69,0.40358744394618834,0.8668043366029943,0.25862068965517243,0.9266004415011038,0.31523642732049034,0.8957055214723926,348,1812,1679,133,258,90,0.8189814814814815,0.5926105655781381,0.5926105655781381
3,0,70,0.4085106382978723,0.8696103896103896,0.276657060518732,0.9233314947600662,0.32989690721649484,0.8956661316211877,347,1813,1674,139,251,96,0.8194444444444444,0.599994277639399,0.599994277639399
3,0,71,0.3654618473895582,0.8676085818942961,0.26453488372093026,0.9129955947136564,0.3069139966273187,0.8897236383149987,344,1816,1658,158,253,91,0.8097222222222222,0.5887652392172933,0.5887652392172933
3,0,72,0.4117647058823529,0.8735691987513007,0.2873900293255132,0.9230346344145135,0.3385146804835924,0.8976209569633787,341,1819,1679,140,243,98,0.8226851851851852,0.6052123318700133,0.6052123318700133
3,0,73,0.3872340425531915,0.8685714285714285,0.26453488372093026,0.920704845814978,0.3143350604490501,0.8938786420743117,344,1816,1672,144,253,91,0.8162037037037037,0.5926198647679541,0.5926198647679541
3,0,74,0.41150442477876104,0.8686659772492245,0.2680115273775216,0.9266409266409267,0.32460732984293195,0.8967173738991192,347,1813,1680,133,254,93,0.8208333333333333,0.5973262270092241,0.5973262270092241
3,0,75,0.4072398190045249,0.8690046415678184,0.2616279069767442,0.927863436123348,0.3185840707964602,0.8974700399467377,344,1816,1685,131,254,90,0.8217592592592593,0.5947456715500461,0.5947456715500461
3,0,76,0.3983402489626556,0.8681605002605524,0.27507163323782235,0.9199337382661513,0.3254237288135593,0.8932975871313673,349,1811,1666,145,253,96,0.8157407407407408,0.5975026857519867,0.5975026857519868
3,0,77,0.3695652173913043,0.8689119170984456,0.2514792899408284,0.920417124039517,0.2992957746478873,0.8939232409381662,338,1822,1677,145,253,85,0.8157407407407408,0.5859482069901727,0.5859482069901727
3,0,78,0.3858267716535433,0.8730325288562435,0.28823529411764703,0.9142857142857143,0.32996632996632996,0.8931830381105744,340,1820,1664,156,242,98,0.8157407407407408,0.6012605042016805,0.6012605042016805
3,0,79,0.3723849372384937,0.8646538261322227,0.25501432664756446,0.9171728326891221,0.3027210884353741,0.890139335476956,349,1811,1661,150,260,89,0.8101851851851852,0.5860935796683432,0.5860935796683433
3,0,80,0.4043478260869565,0.8689119170984456,0.26878612716763006,0.9244762954796031,0.3229166666666667,0.8958333333333334,346,1814,1677,137,253,93,0.8194444444444444,0.5966312113236166,0.5966312113236165
3,0,81,0.36909871244635195,0.8666320705760249,0.25072886297376096,0.9190974133186571,0.29861111111111116,0.892094017094017,343,1817,1670,147,257,86,0.812962962962963,0.584913138146209,0.584913138146209
3,0,82,0.3865546218487395,0.8730489073881373,0.27380952380952384,0.9199561403508771,0.3205574912891986,0.8958889482114254,336,1824,1678,146,244,92,0.8194444444444444,0.5968828320802004,0.5968828320802004
3,0,83,0.41363636363636364,0.8634020618556701,0.2556179775280899,0.9284922394678492,0.3159722222222222,0.8947649572649572,356,1804,1675,129,265,91,0.8175925925925925,0.5920551084979696,0.5920551084979695
3,0,84,0.40707964601769914,0.8671147880041365,0.2636103151862464,0.9260077305356157,0.32,0.8955941255006675,349,1811,1677,134,257,92,0.8189814814814815,0.594809022860931,0.5948090228609311
3,0,85,0.37719298245614036,0.8643892339544513,0.2471264367816092,0.9216335540838853,0.2986111111111111,0.892094017094017,348,1812,1670,142,262,86,0.812962962962963,0.5843799954327473,0.5843799954327472
3,0,86,0.4,0.875,0.2857142857142857,0.9210526315789473,0.3333333333333333,0.8974358974358975,336,1824,1680,144,240,96,0.8222222222222222,0.6033834586466165,0.6033834586466165
3,0,87,0.3951612903225806,0.8713389121338913,0.28488372093023256,0.9174008810572687,0.3310810810810811,0.8937768240343347,344,1816,1666,150,246,98,0.8166666666666667,0.6011423009937507,0.6011423009937507
3,0,88,0.4026548672566372,0.8697001034126164,0.2653061224489796,0.9257017061089708,0.31985940246045697,0.8968275126632899,343,1817,1682,135,252,91,0.8208333333333333,0.5955039142789753,0.5955039142789752
3,0,89,0.39035087719298245,0.8726708074534162,0.2656716417910448,0.9238356164383562,0.3161634103019539,0.8975246207080118,335,1825,1686,139,246,89,0.8217592592592593,0.5947536291147005,0.5947536291147004
3,0,90,0.3817427385892116,0.8723293381969776,0.27299703264094954,0.918266593527153,0.3183391003460207,0.8947087119187601,337,1823,1674,149,245,92,0.8175925925925925,0.5956318130840513,0.5956318130840512
3,0,91,0.4017467248908297,0.8705334023821854,0.26900584795321636,0.9246424642464246,0.3222416812609457,0.8967724726593759,342,1818,1681,137,250,92,0.8208333333333333,0.5968241560998204,0.5968241560998204
3,0,92,0.3565217391304348,0.8663212435233161,0.2411764705882353,0.9186813186813186,0.28771929824561404,0.8917333333333333,340,1820,1672,148,258,82,0.812037037037037,0.579928894634777,0.5799288946347769
3,0,93,0.3706896551724138,0.8661825726141079,0.25,0.9196035242290749,0.2986111111111111,0.8920940170940171,344,1816,1670,146,258,86,0.812962962962963,0.5848017621145375,0.5848017621145374
3,0,94,0.3911290322580645,0.8697698744769874,0.28034682080924855,0.9167585446527012,0.3265993265993266,0.8926462694578637,346,1814,1663,151,249,97,0.8148148148148148,0.5985526827309748,0.5985526827309748
3,0,95,0.41304347826086957,0.8709844559585492,0.2761627906976744,0.9256607929515418,0.3310104529616725,0.8974906567004804,344,1816,1681,135,249,95,0.8222222222222222,0.6009117918246082,0.6009117918246082
3,0,96,0.3836734693877551,0.8684073107049608,0.27167630057803466,0.9167585446527012,0.31810490693739424,0.8919281308661839,346,1814,1663,151,252,94,0.8134259259259259,0.594217422615368,0.594217422615368
3,0,97,0.37037037037037035,0.8695878977569118,0.2647058823529412,0.9159340659340659,0.30874785591766724,0.8921594862188921,340,1820,1667,153,250,90,0.8134259259259259,0.5903199741435035,0.5903199741435035
3,0,98,0.4177777777777778,0.8733850129198967,0.27728613569321536,0.9280615046677649,0.33333333333333337,0.8998935037273695,339,1821,1690,131,245,94,0.825925925925926,0.6026738201804901,0.6026738201804902
3,0,99,0.3776824034334764,0.8666320705760249,0.25507246376811593,0.9201101928374655,0.3044982698961938,0.8925708177445215,345,1815,1670,145,257,88,0.8138888888888889,0.5875913283027907,0.5875913283027907
5,0,0,0.5125,0.8685,0.23768115942028986,0.9570247933884297,0.3247524752475247,0.910615989515072,345,1815,1737,78,263,82,0.8421296296296297,0.5973529764043598,0.5973529764043598
5,0,1,0.5294117647058824,0.8653266331658291,0.25139664804469275,0.9556048834628191,0.34090909090909094,0.9082278481012659,358,1802,1722,80,268,90,0.8388888888888889,0.603500765753756,0.6035007657537559
5,0,2,0.5029940119760479,0.8685398896136478,0.24277456647398843,0.954244762954796,0.32748538011695905,0.9093774625689519,346,1814,1731,83,262,84,0.8402777777777778,0.5985096647143922,0.5985096647143922
5,0,3,0.49142857142857144,0.8675062972292191,0.24641833810888253,0.950855880728879,0.3282442748091603,0.9072708113804004,349,1811,1722,89,263,86,0.837037037037037,0.5986371094188808,0.5986371094188807
5,0,4,0.49707602339181284,0.8722976370035194,0.25073746312684364,0.9527732015376167,0.33333333333333326,0.9107611548556431,339,1821,1735,86,254,85,0.8425925925925926,0.6017553323322301,0.6017553323322301
5,0,5,0.4817073170731707,0.8672344689378757,0.22965116279069767,0.9531938325991189,0.3110236220472441,0.9081846799580273,344,1816,1731,85,265,79,0.8379629629629629,0.5914224976949083,0.5914224976949083
5,0,6,0.5384615384615384,0.8617764471057884,0.23268698060941828,0.9599777654252363,0.32495164410058025,0.9082303444648961,361,1799,1727,72,277,84,0.8384259259259259,0.5963323730173273,0.5963323730173273
5,0,7,0.49411764705882355,0.8668341708542714,0.24068767908309455,0.9525124240750966,0.3236994219653179,0.9076558800315707,349,1811,1725,86,265,84,0.8375,0.5966000515790956,0.5966000515790956
5,0,8,0.4648648648648649,0.8724050632911392,0.25443786982248523,0.9456641053787047,0.3288718929254302,0.9075585988938637,338,1822,1723,99,252,86,0.8375,0.6000509876005949,0.6000509876005949
5,0,9,0.47305389221556887,0.8660311088810838,0.22832369942196531,0.9514884233737596,0.3079922027290448,0.9067507223535592,346,1814,1726,88,267,79,0.8356481481481481,0.5899060613978624,0.5899060613978624
5,0,10,0.5031446540880503,0.8660669665167416,0.22988505747126436,0.9564017660044151,0.31558185404339245,0.9089955415683189,348,1812,1733,79,268,80,0.8393518518518519,0.5931434117378397,0.5931434117378398
5,0,11,0.5055555555555555,0.8707070707070707,0.2622478386167147,0.9509100937672367,0.34535104364326374,0.9090429738992881,347,1813,1724,89,256,91,0.8402777777777778,0.6065789661919756,0.6065789661919757
5,0,12,0.49444444444444446,0.8732323232323232,0.26176470588235295,0.95,0.3423076923076923,0.91,340,1820,1729,91,251,89,0.8416666666666667,0.6058823529411764,0.6058823529411764
5,0,13,0.5144508670520231,0.8741821841972823,0.26253687315634217,0.9538714991762768,0.34765624999999994,0.9122899159663865,339,1821,1737,84,250,89,0.8453703703703703,0.6082041861663096,0.6082041861663094
5,0,14,0.4879518072289157,0.8711133400200601,0.23964497041420119,0.9533479692645445,0.3214285714285714,0.9103773584905661,338,1822,1737,85,257,81,0.8416666666666667,0.5964964698393728,0.5964964698393729
5,0,15,0.4817073170731707,0.8722444889779559,0.23652694610778444,0.9534501642935378,0.3172690763052209,0.9110413396127682,334,1826,1741,85,255,79,0.8425925925925926,0.5949885552006611,0.5949885552006611
5,0,16,0.5060975609756098,0.8697394789579158,0.24198250728862974,0.9554210236653825,0.32741617357001973,0.9105691056910569,343,1817,1736,81,260,83,0.8421296296296297,0.598701765477006,0.598701765477006
5,0,17,0.5121951219512195,0.8682364729458918,0.2420749279538905,0.9558742415885273,0.3287671232876712,0.9099501181412444,347,1813,1733,80,263,84,0.8412037037037037,0.5989745847712089,0.5989745847712089
5,0,18,0.4759036144578313,0.866098294884654,0.22832369942196531,0.9520396912899669,0.30859374999999994,0.9070378151260504,346,1814,1727,87,267,79,0.8361111111111111,0.5901816953559661,0.5901816953559661
5,0,19,0.4860335195530726,0.8732963149924281,0.257396449704142,0.9495060373216246,0.33655705996131524,0.9098080462792532,338,1822,1730,92,251,87,0.8412037037037037,0.6034512435128833,0.6034512435128834
5,0,20,0.5031446540880503,0.8660669665167416,0.22988505747126436,0.9564017660044151,0.31558185404339245,0.9089955415683189,348,1812,1733,79,268,80,0.8393518518518519,0.5931434117378397,0.5931434117378398
5,0,21,0.47513812154696133,0.8671045982819606,0.24641833810888253,0.9475427940364439,0.32452830188679244,0.9055408970976253,349,1811,1716,95,263,86,0.8342592592592593,0.5969805660726633,0.5969805660726633
5,0,22,0.5029585798816568,0.8744349573078855,0.2537313432835821,0.9539726027397261,0.3373015873015873,0.9124737945492661,335,1825,1741,84,250,85,0.8453703703703703,0.603851973011654,0.603851973011654
5,0,23,0.4739583333333333,0.8729674796747967,0.2668621700879765,0.9444749862561848,0.34146341463414637,0.9073144969632954,341,1819,1718,101,250,91,0.8375,0.6056685781720806,0.6056685781720806
5,0,24,0.46195652173913043,0.8760121457489879,0.25757575757575757,0.9459016393442623,0.330739299610895,0.9096163951655281,330,1830,1731,99,245,85,0.8407407407407408,0.6017386984600099,0.6017386984600099
5,0,25,0.4764705882352941,0.870854271356784,0.23964497041420119,0.9511525795828759,0.3188976377952756,0.9092339979013642,338,1822,1733,89,257,81,0.8398148148148148,0.5953987749985385,0.5953987749985385
5,0,26,0.5095541401273885,0.8691962056914628,0.23391812865497075,0.9576457645764577,0.32064128256513025,0.9112797696937974,342,1818,1741,77,262,80,0.8430555555555556,0.5957819466157143,0.5957819466157142
5,0,27,0.5240963855421686,0.872617853560682,0.25513196480938416,0.9565695437053326,0.3431952662721893,0.912667191188041,341,1819,1740,79,254,87,0.8458333333333333,0.6058507542573585,0.6058507542573583
5,0,28,0.4971751412429379,0.869894099848714,0.2543352601156069,0.9509371554575524,0.3365200764818356,0.9086120621543323,346,1814,1725,89,258,88,0.8393518518518519,0.6026362077865798,0.6026362077865797
5,0,29,0.48255813953488375,0.8722334004024145,0.24629080118694363,0.9511793746571585,0.32612966601178783,0.9099973760167935,337,1823,1734,89,254,83,0.8412037037037037,0.598735087922051,0.598735087922051
5,0,30,0.5,0.8713420787083754,0.25872093023255816,0.9509911894273128,0.34099616858237547,0.9094260136914165,344,1816,1727,89,255,89,0.8407407407407408,0.6048560598299354,0.6048560598299355
5,0,31,0.4935064935064935,0.8634097706879362,0.21714285714285714,0.9569060773480663,0.30158730158730157,0.9077568134171907,350,1810,1732,78,274,76,0.837037037037037,0.5870244672454618,0.5870244672454618
5,0,32,0.5028571428571429,0.871536523929471,0.2565597667638484,0.9521188772702256,0.33976833976833976,0.9100473435034192,343,1817,1730,87,255,88,0.8416666666666667,0.604339322017037,0.604339322017037
5,0,33,0.5,0.8691073219658977,0.24127906976744187,0.954295154185022,0.3254901960784314,0.9097112860892388,344,1816,1733,83,261,83,0.8407407407407408,0.5977871119762319,0.5977871119762319
5,0,34,0.4875,0.8675,0.22740524781341107,0.9548706659328564,0.3101391650099404,0.9090909090909092,343,1817,1735,82,265,78,0.8393518518518519,0.5911379568731336,0.5911379568731338
5,0,35,0.5153374233128835,0.8688032048072108,0.24277456647398843,0.9564498346196252,0.33005893909626716,0.9105221726580951,346,1814,1735,79,262,84,0.8421296296296297,0.5996122005468069,0.5996122005468068
5,0,36,0.4885057471264368,0.8685800604229608,0.24566473988439305,0.9509371554575524,0.3269230769230769,0.9078947368421052,346,1814,1725,89,261,85,0.8379629629629629,0.5983009476709726,0.5983009476709727
5,0,37,0.5057471264367817,0.8655589123867069,0.24788732394366197,0.9523545706371191,0.332703213610586,0.9068847269849643,355,1805,1719,86,267,88,0.836574074074074,0.6001209472903907,0.6001209472903906
5,0,38,0.5123456790123457,0.8668668668668669,0.23782234957020057,0.9563776918829376,0.324853228962818,0.9094250459438172,349,1811,1732,79,266,83,0.8402777777777778,0.5971000207265691,0.5971000207265691
5,0,39,0.46236559139784944,0.8728470111448835,0.2551928783382789,0.9451453647833242,0.3288718929254302,0.9075585988938636,337,1823,1723,100,251,86,0.8375,0.6001691215608016,0.6001691215608016
5,0,40,0.4764705882352941,0.8678391959798994,0.23546511627906977,0.9509911894273128,0.3151750972762646,0.907514450867052,344,1816,1727,89,263,81,0.837037037037037,0.5932281528531913,0.5932281528531912
5,0,41,0.46408839779005523,0.8711470439615968,0.24778761061946902,0.9467325645249862,0.3230769230769231,0.9073684210526317,339,1821,1724,97,255,84,0.837037037037037,0.5972600875722276,0.5972600875722276
5,0,42,0.4682080924855491,0.8666331152491192,0.23410404624277456,0.9492833517089305,0.31213872832369943,0.9060773480662984,346,1814,1722,92,265,81,0.8347222222222223,0.5916936989758526,0.5916936989758526
5,0,43,0.4303030303030303,0.8696741854636592,0.21450151057401812,0.9486057955166758,0.28629032258064513,0.9074267782426778,331,1829,1735,94,260,71,0.8361111111111111,0.5815536530453469,0.5815536530453469
5,0,44,0.4883720930232558,0.8707243460764588,0.24633431085043989,0.9516217702034084,0.32748538011695905,0.909377462568952,341,1819,1731,88,257,84,0.8402777777777778,0.5989780405269242,0.5989780405269242
5,0,45,0.5029239766081871,0.8763197586726998,0.25903614457831325,0.9535010940919038,0.341948310139165,0.9132826827351322,332,1828,1743,85,246,86,0.8467592592592592,0.6062686193351086,0.6062686193351086
5,0,46,0.4759036144578313,0.8696088264794383,0.23303834808259588,0.9522240527182867,0.31287128712871287,0.909043250327654,339,1821,1734,87,260,79,0.8393518518518519,0.5926312004004414,0.5926312004004413
5,0,47,0.4968553459119497,0.8655672163918041,0.22701149425287356,0.9558498896247241,0.3116370808678501,0.9084710201940728,348,1812,1732,80,269,79,0.8384259259259259,0.5914306919387988,0.5914306919387988
5,0,48,0.50920245398773,0.8678017025538307,0.23919308357348704,0.9558742415885273,0.3254901960784314,0.9097112860892388,347,1813,1733,80,264,83,0.8407407407407408,0.5975336625810072,0.5975336625810072
5,0,49,0.441340782122905,0.8657243816254417,0.2289855072463768,0.9449035812672176,0.30152671755725186,0.9035827186512119,345,1815,1715,100,266,79,0.8305555555555556,0.5869445442567972,0.5869445442567972
5,0,50,0.5403726708074534,0.871935967983992,0.2536443148688047,0.9592735277930655,0.3452380952380953,0.9135220125786164,343,1817,1743,74,256,87,0.8472222222222222,0.6064589213309352,0.606458921330935
5,0,51,0.4970414201183432,0.8714213962832748,0.24705882352941178,0.9532967032967034,0.3300589390962672,0.910522172658095,340,1820,1735,85,256,84,0.8421296296296297,0.6001777634130575,0.6001777634130576
5,0,52,0.4585635359116022,0.8691258211217787,0.24269005847953215,0.9460946094609461,0.3173996175908222,0.9059784040031604,342,1818,1720,98,259,83,0.8347222222222223,0.5943923339702392,0.5943923339702392
5,0,53,0.5029940119760479,0.865529352734571,0.23863636363636365,0.9540929203539823,0.3236994219653179,0.9076558800315706,352,1808,1725,83,268,84,0.8375,0.596364641995173,0.5963646419951729
5,0,54,0.48823529411764705,0.8688442211055276,0.24127906976744187,0.9520925110132159,0.32295719844357973,0.9085654230162901,344,1816,1729,87,261,83,0.8388888888888889,0.5966857903903289,0.5966857903903289
5,0,55,0.44886363636363635,0.8699596774193549,0.2344213649851632,0.9467910038398245,0.3079922027290448,0.9067507223535592,337,1823,1726,97,258,79,0.8356481481481481,0.5906061844124939,0.5906061844124939
5,0,56,0.46524064171123,0.8722757222503801,0.25663716814159293,0.9450851180669961,0.33079847908745247,0.9072219293621507,339,1821,1721,100,252,87,0.837037037037037,0.6008611431042945,0.6008611431042945
5,0,57,0.4909090909090909,0.8681704260651629,0.23546511627906977,0.9537444933920705,0.3182711198428291,0.9089477827341904,344,1816,1732,84,263,81,0.8393518518518519,0.5946048048355701,0.5946048048355701
5,0,58,0.5284090909090909,0.8684475806451613,0.2627118644067797,0.9540420819490587,0.35094339622641507,0.9092348284960422,354,1806,1723,83,261,93,0.8407407407407408,0.6083769731779192,0.6083769731779192
5,0,59,0.48502994011976047,0.8715504264927245,0.2403560830860534,0.9528250137136588,0.3214285714285714,0.9103773584905661,337,1823,1737,86,256,81,0.8416666666666667,0.596590548399856,0.5965905483998561
5,0,60,0.5119047619047619,0.8709839357429718,0.25072886297376096,0.9548706659328564,0.3365949119373777,0.9110002625360987,343,1817,1735,82,257,86,0.8430555555555556,0.6027997644533086,0.6027997644533087
5,0,61,0.5029585798816568,0.8714213962832748,0.24926686217008798,0.9538207806487081,0.3333333333333333,0.9107611548556431,341,1819,1735,84,256,85,0.8425925925925926,0.6015438214093981,0.601543821409398
5,0,62,0.484472049689441,0.8704352176088044,0.2314540059347181,0.9544706527701591,0.3132530120481928,0.9105180533751963,337,1823,1740,83,259,78,0.8416666666666667,0.5929623293524386,0.5929623293524385
5,0,63,0.47593582887700536,0.8758236188545362,0.26646706586826346,0.9463307776560789,0.3416506717850288,0.9097130823901026,334,1826,1728,98,245,89,0.8412037037037037,0.6063989217621713,0.6063989217621713
5,0,64,0.5212121212121212,0.8706766917293233,0.25,0.9564977973568282,0.3379174852652259,0.9115717659406979,344,1816,1737,79,258,86,0.8439814814814814,0.603248898678414,0.6032488986784141
5,0,65,0.5269461077844312,0.870546914199699,0.2543352601156069,0.9564498346196252,0.34307992202729043,0.9114788547412661,346,1814,1735,79,258,88,0.8439814814814814,0.605392547367616,0.605392547367616
5,0,66,0.48502994011976047,0.8715504264927245,0.2403560830860534,0.9528250137136588,0.3214285714285714,0.9103773584905661,337,1823,1737,86,256,81,0.8416666666666667,0.596590548399856,0.5965905483998561
5,0,67,0.45901639344262296,0.8725341426403642,0.25,0.9457236842105263,0.3236994219653179,0.9076558800315707,336,1824,1725,99,252,84,0.8375,0.5978618421052632,0.5978618421052632
5,0,68,0.45454545454545453,0.8694556451612904,0.2359882005899705,0.9472817133443163,0.3106796116504854,0.9067017082785808,339,1821,1725,96,259,80,0.8356481481481481,0.5916349569671434,0.5916349569671434
5,0,69,0.4915254237288136,0.8703983862834089,0.25290697674418605,0.9504405286343612,0.33397312859884837,0.9086601737299289,344,1816,1726,90,257,87,0.8393518518518519,0.6016737526892736,0.6016737526892736
5,0,70,0.49411764705882355,0.8703517587939699,0.24561403508771928,0.9526952695269527,0.328125,0.9096638655462185,342,1818,1732,86,258,84,0.8407407407407408,0.599154652307336,0.599154652307336
5,0,71,0.4915254237288136,0.8734241048915784,0.257396449704142,0.9506037321624589,0.3378640776699029,0.9103810775295663,338,1822,1732,90,251,87,0.8421296296296297,0.6040000909333004,0.6040000909333004
5,0,72,0.46368715083798884,0.8682483594144371,0.24127906976744187,0.947136563876652,0.31739961759082225,0.9059784040031603,344,1816,1720,96,261,83,0.8347222222222223,0.5942078168220469,0.5942078168220469
5,0,73,0.5141242937853108,0.8673726676752396,0.2570621468926554,0.9523809523809523,0.3427495291902072,0.907891264185801,354,1806,1720,86,263,91,0.8384259259259259,0.6047215496368038,0.6047215496368039
5,0,74,0.49707602339181284,0.8707893413775767,0.24853801169590642,0.9526952695269527,0.33138401559454184,0.9099028106120305,342,1818,1732,86,257,85,0.8412037037037037,0.6006166406114296,0.6006166406114295
5,0,75,0.4685714285714286,0.8690176322418136,0.23976608187134502,0.9488448844884488,0.31721470019342357,0.9071785432553248,342,1818,1725,93,260,82,0.836574074074074,0.594305483179897,0.594305483179897
5,0,76,0.5178571428571429,0.8734939759036144,0.25663716814159293,0.9555189456342669,0.3431952662721893,0.912667191188041,339,1821,1740,81,252,87,0.8458333333333333,0.6060780568879298,0.6060780568879298
5,0,77,0.4715909090909091,0.8669354838709677,0.23919308357348704,0.948703805846663,0.3173996175908222,0.9059784040031604,347,1813,1720,93,264,83,0.8347222222222223,0.593948444710075,0.593948444710075
5,0,78,0.509090909090909,0.8711779448621554,0.24633431085043989,0.9554700384826827,0.33201581027667987,0.9113791295228107,341,1819,1738,81,257,84,0.8435185185185186,0.6009021746665614,0.6009021746665613
5,0,79,0.4911242603550296,0.8653942742340532,0.23646723646723647,0.9524599226091763,0.3192307692307692,0.9068421052631578,351,1809,1723,86,268,83,0.8361111111111111,0.5944635795382064,0.5944635795382064
5,0,80,0.5116279069767442,0.8712273641851107,0.2558139534883721,0.9537444933920705,0.34108527131782945,0.9106203995793901,344,1816,1732,84,256,88,0.8425925925925926,0.6047792234402213,0.6047792234402213
5,0,81,0.49411764705882355,0.8698492462311558,0.24489795918367346,0.9526692350027518,0.32748538011695905,0.909377462568952,343,1817,1731,86,259,84,0.8402777777777778,0.5987835970932127,0.5987835970932126
5,0,82,0.5375,0.8675,0.245014245014245,0.9590934217799889,0.33659491193737767,0.9110002625360987,351,1809,1735,74,265,86,0.8430555555555556,0.6020538333971169,0.602053833397117
5,0,83,0.5,0.8700906344410876,0.25217391304347825,0.9520661157024793,0.3352601156069364,0.909234411996843,345,1815,1728,87,258,87,0.8402777777777778,0.6021200143729787,0.6021200143729788
5,0,84,0.43646408839779005,0.8610409297625063,0.2231638418079096,0.9435215946843853,0.2953271028037383,0.9003963011889036,354,1806,1704,102,275,79,0.825462962962963,0.5833427182461474,0.5833427182461475
5,0,85,0.4883720930232558,0.8661971830985915,0.24,0.9513812154696133,0.3218390804597701,0.9067930489731438,350,1810,1722,88,266,84,0.8361111111111111,0.5956906077348066,0.5956906077348066
5,0,86,0.46994535519125685,0.8755690440060698,0.25903614457831325,0.9469365426695843,0.3339805825242719,0.9098554533508542,332,1828,1731,97,246,86,0.8412037037037037,0.6029863436239489,0.6029863436239488
5,0,87,0.52046783625731,0.8667672197083962,0.2514124293785311,0.9545957918050941,0.3390476190476191,0.9085638998682476,354,1806,1724,82,265,89,0.8393518518518519,0.6030041105918126,0.6030041105918126
5,0,88,0.4861878453038674,0.8726629610914604,0.25882352941176473,0.9489010989010989,0.3378119001919385,0.9091866280600157,340,1820,1727,93,252,88,0.8402777777777778,0.6038623141564318,0.6038623141564318
5,0,89,0.4817073170731707,0.87374749498998,0.23867069486404835,0.953526517222526,0.3191919191919192,0.9118954248366014,331,1829,1744,85,252,79,0.8439814814814814,0.5960986060432872,0.5960986060432872
5,0,90,0.5136612021857924,0.8750632271117855,0.2756598240469208,0.9510720175920836,0.35877862595419846,0.9114857744994732,341,1819,1730,89,247,94,0.8444444444444444,0.6133659208195023,0.6133659208195021
5,0,91,0.4945652173913043,0.8699392712550608,0.2614942528735632,0.9486754966887417,0.34210526315789475,0.9076029567053855,348,1812,1719,93,257,91,0.8379629629629629,0.6050848747811526,0.6050848747811525
5,0,92,0.48255813953488375,0.8667002012072434,0.23850574712643677,0.9508830022075055,0.3192307692307692,0.9068421052631579,348,1812,1723,89,265,83,0.8361111111111111,0.5946943746669712,0.5946943746669712
5,0,93,0.4887640449438202,0.8753784056508577,0.26047904191616766,0.9501642935377875,0.33984375,0.9112394957983193,334,1826,1735,91,247,87,0.8435185185185186,0.6053216677269776,0.6053216677269776
5,0,94,0.4632768361581921,0.8693898134140191,0.2404692082111437,0.9477735019241341,0.31660231660231664,0.9068911099421357,341,1819,1724,95,259,82,0.8361111111111111,0.594121355067639,0.5941213550676389
5,0,95,0.4943820224719101,0.8708375378405651,0.2558139534883721,0.9504405286343612,0.3371647509578544,0.9088994207477619,344,1816,1726,90,256,88,0.8398148148148148,0.6031272410613667,0.6031272410613666
5,0,96,0.4722222222222222,0.8727272727272727,0.2522255192878338,0.947888096544158,0.32882011605415856,0.9087562450696819,337,1823,1728,95,252,85,0.8393518518518519,0.6000568079159958,0.6000568079159959
5,0,97,0.47904191616766467,0.8660311088810838,0.23054755043227665,0.9520132377275234,0.31128404669260695,0.9069889647924331,347,1813,1726,87,267,80,0.8361111111111111,0.5912803940799001,0.5912803940799001
5,0,98,0.5027322404371585,0.8735457764289327,0.26900584795321636,0.9499449944994499,0.3504761904761905,0.9101449275362319,342,1818,1727,91,250,92,0.8421296296296297,0.6094754212263332,0.6094754212263331
5,0,99,0.47752808988764045,0.8743693239152371,0.25449101796407186,0.9490690032858707,0.33203125,0.9101890756302521,334,1826,1733,93,249,85,0.8416666666666667,0.6017800106249713,0.6017800106249713
7,0,0,0.553030303030303,0.8658777120315582,0.21159420289855072,0.9674931129476584,0.3060796645702306,0.9138693728857663,345,1815,1756,59,272,73,0.8467592592592592,0.5895436579231046,0.5895436579231046
7,0,1,0.5447761194029851,0.8696939782823297,0.2166172106824926,0.9665386725178278,0.3099787685774947,0.9155624837620161,337,1823,1762,61,264,73,0.8495370370370371,0.5915779416001602,0.5915779416001602
7,0,2,0.6129032258064516,0.862475442043222,0.21348314606741572,0.9733924611973392,0.31666666666666665,0.9145833333333333,356,1804,1756,48,280,76,0.8481481481481481,0.5934378036323775,0.5934378036323774
7,0,3,0.5365853658536586,0.8669612174766814,0.19584569732937684,0.9687328579264948,0.28695652173913044,0.9150259067357512,337,1823,1766,57,271,66,0.8481481481481481,0.5822892776279358,0.5822892776279358
7,0,4,0.5547445255474452,0.8685121107266436,0.2222222222222222,0.9664466446644664,0.3173277661795407,0.9148659203332465,342,1818,1757,61,266,76,0.8486111111111111,0.5943344334433444,0.5943344334433442
7,0,5,0.5472972972972973,0.867296222664016,0.23275862068965517,0.9630242825607064,0.32661290322580644,0.9126569037656904,348,1812,1745,67,267,81,0.8453703703703703,0.5978914516251809,0.5978914516251808
7,0,6,0.515625,0.8646653543307087,0.1935483870967742,0.965915338097856,0.2814498933901919,0.9124902622695404,341,1819,1757,62,275,66,0.8439814814814814,0.5797318625973152,0.5797318625973151
7,0,7,0.5138888888888888,0.8675595238095238,0.21700879765395895,0.9615173172072567,0.3051546391752577,0.9121251629726206,341,1819,1749,70,267,74,0.8439814814814814,0.5892630574306079,0.5892630574306078
7,0,8,0.5905511811023622,0.8696507624200689,0.22058823529411764,0.9714285714285714,0.32119914346895073,0.9177264469244744,340,1820,1768,52,265,75,0.8532407407407407,0.5960084033613445,0.5960084033613445
7,0,9,0.5384615384615384,0.8676251859196827,0.2238372093023256,0.9636563876651982,0.31622176591375767,0.9131228802504565,344,1816,1750,66,267,77,0.8458333333333333,0.5937467984837619,0.5937467984837619
7,0,10,0.5571428571428572,0.8663366336633663,0.22413793103448276,0.9657836644591612,0.319672131147541,0.9133611691022965,348,1812,1750,62,270,78,0.8462962962962963,0.594960797746822,0.594960797746822
7,0,11,0.5671641791044776,0.8637709772951628,0.2159090909090909,0.9679203539823009,0.31275720164609055,0.912884715701617,352,1808,1750,58,276,76,0.8453703703703703,0.5919147224456959,0.591914722445696
7,0,12,0.5238095238095238,0.8743169398907104,0.23333333333333334,0.9617486338797814,0.3228511530398323,0.9159510798855062,330,1830,1760,70,253,77,0.850462962962963,0.5975409836065574,0.5975409836065573
7,0,13,0.55,0.8658415841584158,0.22126436781609196,0.9652317880794702,0.3155737704918033,0.912839248434238,348,1812,1749,63,271,77,0.8453703703703703,0.5932480779477811,0.5932480779477811
7,0,14,0.5704225352112676,0.8706640237859267,0.23684210526315788,0.9664466446644664,0.3347107438016529,0.9160583941605839,342,1818,1757,61,261,81,0.850925925925926,0.6016443749638122,0.6016443749638121
7,0,15,0.5753424657534246,0.8679245283018868,0.24,0.9657458563535911,0.3387096774193548,0.9142259414225942,350,1810,1748,62,266,84,0.8481481481481481,0.6028729281767956,0.6028729281767955
7,0,16,0.5968992248062015,0.8660758247168883,0.22063037249283668,0.9712865819988956,0.32217573221757323,0.9156689224362311,349,1811,1759,52,272,77,0.85,0.5959584772458661,0.5959584772458661
7,0,17,0.5319148936170213,0.8687469044081229,0.22058823529411764,0.9637362637362638,0.31185031185031187,0.9137796301120082,340,1820,1754,66,265,75,0.8467592592592592,0.5921622495151907,0.5921622495151907
7,0,18,0.5220588235294118,0.8646245059288538,0.20579710144927535,0.9641873278236914,0.29521829521829523,0.9116957541026308,345,1815,1750,65,274,71,0.8430555555555556,0.5849922146364834,0.5849922146364833
7,0,19,0.5338345864661654,0.8633448445979279,0.20402298850574713,0.9657836644591612,0.29521829521829523,0.9116957541026309,348,1812,1750,62,277,71,0.8430555555555556,0.5849033264824542,0.5849033264824541
7,0,20,0.547945205479452,0.868421052631579,0.2318840579710145,0.9636363636363636,0.32586558044806513,0.9135544528597546,345,1815,1749,66,265,80,0.8467592592592592,0.597760210803689,0.597760210803689
7,0,21,0.524822695035461,0.8682516097077762,0.21764705882352942,0.9631868131868132,0.3076923076923077,0.9132586611096639,340,1820,1753,67,266,74,0.8458333333333333,0.5904169360051714,0.5904169360051713
7,0,22,0.5615384615384615,0.8645320197044335,0.20977011494252873,0.9685430463576159,0.305439330543933,0.9135866736074961,348,1812,1755,57,275,73,0.8462962962962963,0.5891565806500723,0.5891565806500724
7,0,23,0.5390070921985816,0.8712233779098564,0.2261904761904762,0.9643640350877193,0.31865828092243187,0.9154306531355711,336,1824,1759,65,260,76,0.8495370370370371,0.5952772556390977,0.5952772556390977
7,0,24,0.5275590551181102,0.8671913428430891,0.19881305637982197,0.9670872188699945,0.28879310344827586,0.9144190871369295,337,1823,1763,60,270,67,0.8472222222222222,0.5829501376249082,0.5829501376249082
7,0,25,0.5583333333333333,0.8607843137254902,0.1908831908831909,0.970702045328911,0.28450106157112526,0.9124447908547675,351,1809,1756,53,284,67,0.8439814814814814,0.580792618106051,0.580792618106051
7,0,26,0.5634920634920635,0.8618485742379548,0.20170454545454544,0.9695796460176991,0.29707112970711297,0.9125455491931286,352,1808,1753,55,281,71,0.8444444444444444,0.5856420957361222,0.5856420957361222
7,0,27,0.5238095238095238,0.8623402163225172,0.1907514450867052,0.9669239250275634,0.2796610169491525,0.9116424116424117,346,1814,1754,60,280,66,0.8425925925925926,0.5788376850571343,0.5788376850571343
7,0,28,0.5579710144927537,0.8669634025717112,0.22254335260115607,0.9663726571113561,0.3181818181818182,0.9139728884254431,346,1814,1753,61,269,77,0.8472222222222222,0.5944580048562561,0.5944580048562561
7,0,29,0.5808823529411765,0.8651185770750988,0.22443181818181818,0.9684734513274337,0.32377049180327866,0.9138830897703549,352,1808,1751,57,273,79,0.8472222222222222,0.5964526347546258,0.596452634754626
7,0,30,0.5503875968992248,0.8675529295913343,0.2088235294117647,0.9681318681318681,0.302771855010661,0.915086990392106,340,1820,1762,58,269,71,0.8486111111111111,0.5884776987718164,0.5884776987718164
7,0,31,0.5851851851851851,0.8637037037037038,0.22253521126760564,0.9689750692520775,0.32244897959183677,0.9133159268929505,355,1805,1749,56,276,79,0.8462962962962963,0.5957551402598416,0.5957551402598416
7,0,32,0.5220588235294118,0.8646245059288538,0.20579710144927535,0.9641873278236914,0.29521829521829523,0.9116957541026308,345,1815,1750,65,274,71,0.8430555555555556,0.5849922146364834,0.5849922146364833
7,0,33,0.5307692307692308,0.8605911330049261,0.19602272727272727,0.9662610619469026,0.2863070539419087,0.9103699843668578,352,1808,1747,61,283,69,0.8407407407407408,0.581141894609815,0.5811418946098149
7,0,34,0.5369127516778524,0.8707110890104426,0.23529411764705882,0.9620879120879121,0.32719836400818,0.9141216392586792,340,1820,1751,69,260,80,0.8476851851851852,0.5986910148674854,0.5986910148674855
7,0,35,0.5251798561151079,0.8708560118753093,0.218562874251497,0.963855421686747,0.3086680761099366,0.9149987002859371,334,1826,1760,66,261,73,0.8486111111111111,0.5912091479691219,0.5912091479691219
7,0,36,0.527027027027027,0.8717693836978131,0.23214285714285715,0.9616228070175439,0.32231404958677684,0.9144942648592284,336,1824,1754,70,258,78,0.8481481481481481,0.5968828320802005,0.5968828320802005
7,0,37,0.5488721804511278,0.8677849037987173,0.21407624633431085,0.9670148433205058,0.30801687763713076,0.9147165886635465,341,1819,1759,60,268,73,0.8481481481481481,0.5905455448274084,0.5905455448274083
7,0,38,0.5416666666666666,0.8675595238095238,0.22608695652173913,0.9636363636363636,0.31901840490797545,0.9130775254502741,345,1815,1749,66,267,78,0.8458333333333333,0.5948616600790514,0.5948616600790514
7,0,39,0.5488721804511278,0.8628515046867291,0.20797720797720798,0.966832504145937,0.30165289256198347,0.9118873826903025,351,1809,1749,60,278,73,0.8435185185185186,0.5874048560615724,0.5874048560615726
7,0,40,0.52,0.8683046683046683,0.19519519519519518,0.9671592775041051,0.2838427947598253,0.9150699119627137,333,1827,1767,60,268,65,0.8481481481481481,0.5811772363496501,0.5811772363496501
7,0,41,0.5611510791366906,0.8713508164275111,0.23076923076923078,0.9665203073545554,0.32704402515723274,0.916471506635441,338,1822,1761,61,260,78,0.8513888888888889,0.5986447690618931,0.5986447690618931
7,0,42,0.5170068027210885,0.8673621460506706,0.22157434402332363,0.9609246009906439,0.31020408163265306,0.9117493472584857,343,1817,1746,71,267,76,0.8435185185185186,0.5912494725069838,0.5912494725069838
7,0,43,0.5228758169934641,0.874439461883408,0.24096385542168675,0.9600656455142232,0.32989690721649484,0.9152542372881356,332,1828,1755,73,252,80,0.8495370370370371,0.600514750467955,0.600514750467955
7,0,44,0.5634920634920635,0.8672566371681416,0.20821114369501467,0.9697636063771303,0.30406852248394006,0.9156501427459123,341,1819,1764,55,270,71,0.8495370370370371,0.5889873750360725,0.5889873750360725
7,0,45,0.5255474452554745,0.8670291646070193,0.21114369501466276,0.9642660802638813,0.301255230125523,0.9130661114003124,341,1819,1754,65,269,72,0.8453703703703703,0.5877048876392721,0.587704887639272
7,0,46,0.5367647058823529,0.866600790513834,0.21282798833819241,0.965327462850853,0.3048016701461378,0.9133038271283519,343,1817,1754,63,270,73,0.8458333333333333,0.5890777255945228,0.5890777255945228
7,0,47,0.5492957746478874,0.869177403369673,0.22807017543859648,0.9647964796479648,0.3223140495867769,0.9144942648592284,342,1818,1754,64,264,78,0.8481481481481481,0.5964333275432807,0.5964333275432807
7,0,48,0.5555555555555556,0.8706172839506173,0.22255192878338279,0.9670872188699945,0.3177966101694915,0.9163201663201663,337,1823,1763,60,262,75,0.850925925925926,0.5948195738266886,0.5948195738266886
7,0,49,0.5373134328358209,0.8677196446199408,0.21176470588235294,0.9659340659340659,0.3037974683544304,0.9141965678627145,340,1820,1758,62,268,72,0.8472222222222222,0.5888493859082095,0.5888493859082095
7,0,50,0.5572519083969466,0.866436668309512,0.21220930232558138,0.9680616740088106,0.3073684210526315,0.9144343302990897,344,1816,1758,58,271,73,0.8476851851851852,0.590135488167196,0.5901354881671961
7,0,51,0.5251798561151079,0.8629391390400791,0.20857142857142857,0.96353591160221,0.29856850715746425,0.9104672409292612,350,1810,1744,66,277,73,0.8412037037037037,0.5860536700868193,0.5860536700868193
7,0,52,0.5634920634920635,0.8638151425762045,0.20402298850574713,0.9696467991169978,0.2995780590717299,0.9136765470618824,348,1812,1757,55,277,71,0.8462962962962963,0.5868348938113724,0.5868348938113724
7,0,53,0.5563380281690141,0.8746283448959365,0.23795180722891565,0.9655361050328227,0.3333333333333333,0.9178367134685387,332,1828,1765,63,253,79,0.8537037037037037,0.6017439561308693,0.6017439561308692
7,0,54,0.5384615384615384,0.8660098522167488,0.2046783625730994,0.966996699669967,0.2966101694915254,0.9137214137214137,342,1818,1758,60,272,70,0.8462962962962963,0.5858375311215333,0.5858375311215333
7,0,55,0.5755395683453237,0.8659079663532905,0.22792022792022792,0.9673852957435047,0.326530612244898,0.9138381201044387,351,1809,1750,59,271,80,0.8472222222222222,0.5976527618318663,0.5976527618318663
7,0,56,0.5217391304347826,0.8664688427299704,0.21052631578947367,0.9636963696369637,0.3,0.9125,342,1818,1752,66,270,72,0.8444444444444444,0.5871113427132187,0.5871113427132187
7,0,57,0.5447154471544715,0.8625429553264605,0.1930835734870317,0.9691119691119691,0.28510638297872337,0.9127272727272727,347,1813,1757,56,280,67,0.8444444444444444,0.5810977712995005,0.5810977712995004
7,0,58,0.5481481481481482,0.868641975308642,0.21764705882352942,0.9664835164835165,0.31157894736842107,0.9149544863459037,340,1820,1759,61,266,74,0.8486111111111111,0.5920652876535231,0.592065287653523
7,0,59,0.5597014925373134,0.8721618953603159,0.2245508982035928,0.9676889375684556,0.3205128205128205,0.9174454828660437,334,1826,1767,59,259,75,0.8527777777777777,0.5961199178860243,0.5961199178860243
7,0,60,0.5664335664335665,0.8671294000991572,0.23209169054441262,0.9657647708448371,0.32926829268292684,0.9137931034482759,349,1811,1749,62,268,81,0.8472222222222222,0.5989282306946249,0.5989282306946249
7,0,61,0.5648854961832062,0.8689009364218827,0.21764705882352942,0.9686813186813187,0.3142250530785563,0.9160820992465575,340,1820,1763,57,266,74,0.850462962962963,0.5931641887524242,0.593164188752424
7,0,62,0.524822695035461,0.8647845468053492,0.2132564841498559,0.9630446773303916,0.30327868852459017,0.9112734864300627,347,1813,1746,67,273,74,0.8425925925925926,0.5881505807401237,0.5881505807401237
7,0,63,0.5616438356164384,0.8669314796425025,0.2342857142857143,0.9646408839779006,0.33064516129032256,0.9131799163179916,350,1810,1746,64,268,82,0.8462962962962963,0.5994632991318074,0.5994632991318074
7,0,64,0.6,0.8679802955665025,0.2254335260115607,0.9713340683572216,0.3277310924369748,0.9167533818938606,346,1814,1762,52,268,78,0.8518518518518519,0.5983837971843912,0.5983837971843912
7,0,65,0.5648854961832062,0.8679152291769344,0.21637426900584794,0.9686468646864687,0.3128964059196618,0.9155185859110996,342,1818,1761,57,268,74,0.8495370370370371,0.5925105668461583,0.5925105668461583
7,0,66,0.5658914728682171,0.8655834564254062,0.21098265895953758,0.9691289966923925,0.30736842105263157,0.9144343302990897,346,1814,1758,56,273,73,0.8476851851851852,0.590055827825965,0.5900558278259651
7,0,67,0.5294117647058824,0.8646245059288538,0.20809248554913296,0.9647188533627343,0.2987551867219917,0.9119332985930172,346,1814,1750,64,274,72,0.8435185185185186,0.5864056694559336,0.5864056694559336
7,0,68,0.55,0.8737623762376238,0.2319277108433735,0.9655361050328227,0.326271186440678,0.9173596673596673,332,1828,1765,63,255,77,0.8527777777777777,0.5987319079380982,0.5987319079380982
7,0,69,0.5323741007194245,0.8654131618010885,0.2138728323699422,0.964167585446527,0.30515463917525776,0.9121251629726206,346,1814,1749,65,272,74,0.8439814814814814,0.5890202089082346,0.5890202089082346
7,0,70,0.5597014925373134,0.866238894373149,0.21676300578034682,0.9674751929437707,0.3125,0.9140625,346,1814,1755,59,271,75,0.8472222222222222,0.5921190993620588,0.5921190993620588
7,0,71,0.5034965034965035,0.866137828458106,0.21052631578947367,0.9609460946094609,0.29690721649484536,0.9110821382007823,342,1818,1747,71,270,72,0.8421296296296297,0.5857362051994672,0.5857362051994673
7,0,72,0.5107913669064749,0.8649183572488867,0.2063953488372093,0.9625550660792952,0.2939958592132505,0.911128485796195,344,1816,1748,68,273,71,0.8421296296296297,0.5844752074582522,0.5844752074582523
7,0,73,0.5590551181102362,0.8603049680275455,0.2,0.9689750692520775,0.2946058091286307,0.911412193850964,355,1805,1749,56,284,71,0.8425925925925926,0.5844875346260388,0.5844875346260388
7,0,74,0.5661764705882353,0.8690711462450593,0.22514619883040934,0.9675467546754676,0.32217573221757323,0.9156689224362311,342,1818,1759,59,265,77,0.85,0.5963464767529385,0.5963464767529384
7,0,75,0.5373134328358209,0.8677196446199408,0.21176470588235294,0.9659340659340659,0.3037974683544304,0.9141965678627145,340,1820,1758,62,268,72,0.8472222222222222,0.5888493859082095,0.5888493859082095
7,0,76,0.5683453237410072,0.8728352300841168,0.23511904761904762,0.9671052631578947,0.3326315789473684,0.9175552665799739,336,1824,1764,60,257,79,0.8532407407407407,0.6011121553884712,0.6011121553884712
7,0,77,0.5588235294117647,0.8680830039525692,0.22157434402332363,0.9669785360484314,0.3173277661795407,0.9148659203332465,343,1817,1757,60,267,76,0.8486111111111111,0.5942764400358775,0.5942764400358775
7,0,78,0.5724137931034483,0.8665012406947891,0.23579545454545456,0.9657079646017699,0.3340040241448692,0.9134187810619931,352,1808,1746,62,269,83,0.8467592592592592,0.6007517095736122,0.6007517095736122
7,0,79,0.5416666666666666,0.873015873015873,0.23353293413173654,0.963855421686747,0.3263598326359832,0.916189484643415,334,1826,1760,66,256,78,0.850925925925926,0.5986941779092417,0.5986941779092417
7,0,80,0.5433070866141733,0.8652238071815052,0.20116618075801748,0.9680792515134837,0.2936170212765957,0.9137662337662338,343,1817,1759,58,274,69,0.8462962962962963,0.5846227161357506,0.5846227161357507
7,0,81,0.5434782608695652,0.8689416419386746,0.22058823529411764,0.9653846153846154,0.3138075313807531,0.9146277980218636,340,1820,1757,63,265,75,0.8481481481481481,0.5929864253393665,0.5929864253393665
7,0,82,0.5414012738853503,0.8746879680479281,0.25297619047619047,0.9605263157894737,0.3448275862068966,0.9155996864384637,336,1824,1752,72,251,85,0.850462962962963,0.6067512531328321,0.6067512531328321
7,0,83,0.5661764705882353,0.8675889328063241,0.22318840579710145,0.9674931129476584,0.3201663201663202,0.9148215681166971,345,1815,1756,59,268,77,0.8486111111111111,0.59534075937238,0.59534075937238
7,0,84,0.5214285714285715,0.8693069306930693,0.2166172106824926,0.9632473944048272,0.3060796645702306,0.9138693728857663,337,1823,1756,67,264,73,0.8467592592592592,0.5899323025436599,0.5899323025436599
7,0,85,0.5109489051094891,0.8670291646070193,0.20648967551622419,0.9632070291048874,0.29411764705882354,0.9125910509885535,339,1821,1754,67,269,70,0.8444444444444444,0.5848483523105559,0.5848483523105559
7,0,86,0.5597014925373134,0.8687068114511353,0.21994134897360704,0.9675645959318306,0.3157894736842105,0.9154746423927177,341,1819,1760,59,266,75,0.8495370370370371,0.5937529724527189,0.5937529724527189
7,0,87,0.5522388059701493,0.8677196446199408,0.21637426900584794,0.966996699669967,0.31092436974789917,0.9146722164412071,342,1818,1758,60,268,74,0.8481481481481481,0.5916854843379075,0.5916854843379076
7,0,88,0.5354330708661418,0.8671913428430891,0.20118343195266272,0.9676180021953897,0.2924731182795699,0.914656290531777,338,1822,1763,59,270,68,0.8476851851851852,0.5844007170740262,0.5844007170740262
7,0,89,0.5070422535211268,0.869177403369673,0.21428571428571427,0.9616228070175439,0.30125523012552297,0.9130661114003122,336,1824,1754,70,264,72,0.8453703703703703,0.587954260651629,0.587954260651629
7,0,90,0.5503875968992248,0.8660758247168883,0.20699708454810495,0.9680792515134837,0.3008474576271186,0.9142411642411642,343,1817,1759,58,272,71,0.8472222222222222,0.5875381680307943,0.5875381680307943
7,0,91,0.5555555555555556,0.8623402163225172,0.2,0.969060773480663,0.29411764705882354,0.9125910509885536,350,1810,1754,56,280,70,0.8444444444444444,0.5845303867403315,0.5845303867403315
7,0,92,0.5555555555555556,0.8652900688298918,0.20348837209302326,0.9691629955947136,0.2978723404255319,0.9142857142857141,344,1816,1760,56,274,70,0.8472222222222222,0.5863256838438684,0.5863256838438685
7,0,93,0.5757575757575758,0.868836291913215,0.2222222222222222,0.9691969196919692,0.32067510548523204,0.9162766510660426,342,1818,1762,56,266,76,0.850925925925926,0.5957095709570958,0.5957095709570956
7,0,94,0.5658914728682171,0.8626292466765141,0.20738636363636365,0.9690265486725663,0.30353430353430355,0.9127376921073196,352,1808,1752,56,279,73,0.8449074074074074,0.5882064561544651,0.588206456154465
7,0,95,0.584,0.8648648648648649,0.20977011494252873,0.9713024282560706,0.3086680761099366,0.914998700285937,348,1812,1760,52,275,73,0.8486111111111111,0.5905362715992996,0.5905362715992997
7,0,96,0.5447761194029851,0.8687068114511353,0.2153392330383481,0.9665019220208677,0.3086680761099366,0.9149987002859372,339,1821,1760,61,266,73,0.8486111111111111,0.5909205775296079,0.5909205775296079
7,0,97,0.527027027027027,0.8677932405566601,0.22674418604651161,0.961453744493392,0.3170731707317073,0.9122257053291536,344,1816,1746,70,266,78,0.8444444444444444,0.5940989652699518,0.5940989652699519
7,0,98,0.5369127516778524,0.8712083540527101,0.2359882005899705,0.9621087314662273,0.32786885245901637,0.9144050104384134,339,1821,1752,69,259,80,0.8481481481481481,0.5990484660280988,0.5990484660280989
7,0,99,0.5563380281690141,0.8676907829534193,0.22832369942196531,0.9652701212789415,0.3237704918032787,0.9138830897703549,346,1814,1751,63,267,79,0.8472222222222222,0.5967969103504533,0.5967969103504535
9,0,0,0.5929203539823009,0.8641914997557401,0.19420289855072465,0.9746556473829201,0.29257641921397376,0.9161056447436561,345,1815,1769,46,278,67,0.85,0.5844292729668223,0.5844292729668223
9,0,1,0.5508474576271186,0.8658178256611165,0.19174041297935104,0.970895112575508,0.2844638949671773,0.9153507636551903,339,1821,1768,53,274,65,0.8486111111111111,0.5813177627774295,0.5813177627774295
9,0,2,0.6285714285714286,0.8656934306569343,0.19298245614035087,0.9785478547854786,0.2953020134228188,0.9186676994577847,342,1818,1779,39,276,66,0.8541666666666666,0.5857651554629147,0.5857651554629147
9,0,3,0.625,0.86376953125,0.20057306590257878,0.9768083931529542,0.3036876355748373,0.916817828452967,349,1811,1769,42,279,70,0.8513888888888889,0.5886907295277665,0.5886907295277666
9,0,4,0.6037735849056604,0.8675754625121713,0.19047619047619047,0.9769736842105263,0.28959276018099545,0.9190304280556987,336,1824,1782,42,272,64,0.8546296296296296,0.5837249373433584,0.5837249373433584
9,0,5,0.5803571428571429,0.86474609375,0.19005847953216373,0.9741474147414741,0.28634361233480177,0.9161924469736161,342,1818,1771,47,277,65,0.85,0.582102947136819,0.5821029471368189
9,0,6,0.5431034482758621,0.863013698630137,0.1836734693877551,0.9708310401761144,0.27450980392156865,0.9137529137529139,343,1817,1764,53,280,63,0.8458333333333333,0.5772522547819348,0.5772522547819348
9,0,7,0.6203703703703703,0.8679337231968811,0.19822485207100593,0.9774972557628979,0.3004484304932735,0.9194630872483222,338,1822,1781,41,271,67,0.8555555555555555,0.587861053916952,0.587861053916952
9,0,8,0.5811965811965812,0.863925599608419,0.19653179190751446,0.9729878721058435,0.2937365010799136,0.9152190821882292,346,1814,1765,49,278,68,0.8486111111111111,0.584759832006679,0.5847598320066789
9,0,9,0.5614035087719298,0.8655913978494624,0.1887905604719764,0.9725425590334981,0.282560706401766,0.9159555210757694,339,1821,1771,50,275,64,0.8495370370370371,0.5806665597527373,0.5806665597527372
9,0,10,0.6055045871559633,0.8610433934666016,0.18803418803418803,0.9762299613045882,0.28695652173913044,0.9150259067357511,351,1809,1766,43,285,66,0.8481481481481481,0.5821320746693881,0.5821320746693881
9,0,11,0.6126126126126126,0.8667642752562226,0.19941348973607037,0.9763606377130292,0.30088495575221236,0.9183040330920372,341,1819,1776,43,273,68,0.8537037037037037,0.5878870637245498,0.5878870637245498
9,0,12,0.5350877192982456,0.8607038123167156,0.17630057803468208,0.9707828004410143,0.2652173913043478,0.9124352331606218,346,1814,1761,53,285,61,0.8435185185185186,0.5735416892378481,0.5735416892378482
9,0,13,0.5384615384615384,0.8649045521292217,0.18584070796460178,0.9703459637561779,0.27631578947368424,0.9145962732919254,339,1821,1767,54,276,63,0.8472222222222222,0.5780933358603899,0.5780933358603898
9,0,14,0.5607476635514018,0.864101315148563,0.17699115044247787,0.9741900054914882,0.2690582959641256,0.9158492514197211,339,1821,1774,47,279,60,0.8490740740740741,0.575590577966983,0.575590577966983
9,0,15,0.5691056910569106,0.865979381443299,0.20408163265306123,0.9708310401761144,0.30042918454935624,0.915412558380903,343,1817,1764,53,273,70,0.8490740740740741,0.5874563364145877,0.5874563364145878
9,0,16,0.5887850467289719,0.8655625913297613,0.18584070796460178,0.9758374519494784,0.2825112107623318,0.9173980382034074,339,1821,1777,44,276,63,0.8518518518518519,0.5808390799570401,0.5808390799570401
9,0,17,0.6090909090909091,0.8624390243902439,0.19197707736389685,0.9762562120375483,0.29193899782135074,0.9158249158249158,349,1811,1768,43,282,67,0.8495370370370371,0.5841166447007227,0.5841166447007226
9,0,18,0.6126126126126126,0.8633479746217667,0.19540229885057472,0.9762693156732892,0.29629629629629634,0.9163429163429163,348,1812,1769,43,280,68,0.850462962962963,0.585835807261932,0.585835807261932
9,0,19,0.6050420168067226,0.8642822146006859,0.20630372492836677,0.9740474875759249,0.3076923076923077,0.9158878504672896,349,1811,1764,47,277,72,0.85,0.5901756062521458,0.5901756062521458
9,0,20,0.5630252100840336,0.8584027437530622,0.18820224719101122,0.9711751662971175,0.28210526315789475,0.9113133940182055,356,1804,1752,52,289,67,0.8421296296296297,0.5796887067440644,0.5796887067440644
9,0,21,0.6140350877192983,0.8699902248289345,0.20833333333333334,0.9758771929824561,0.3111111111111111,0.9198966408268734,336,1824,1780,44,266,70,0.8564814814814815,0.5921052631578947,0.5921052631578947
9,0,22,0.5909090909090909,0.8668292682926829,0.19230769230769232,0.9753018660812294,0.29017857142857145,0.9178719008264462,338,1822,1777,45,273,65,0.8527777777777777,0.5838047791944608,0.5838047791944608
9,0,23,0.5826086956521739,0.8709046454767726,0.20241691842900303,0.9737561509021323,0.3004484304932736,0.9194630872483222,331,1829,1781,48,264,67,0.8555555555555555,0.5880865346655676,0.5880865346655677
9,0,24,0.5645161290322581,0.869351669941061,0.20833333333333334,0.9703947368421053,0.30434782608695654,0.9170984455958551,336,1824,1770,54,266,70,0.8518518518518519,0.5893640350877193,0.5893640350877193
9,0,25,0.5932203389830508,0.8682664054848188,0.20648967551622419,0.9736408566721582,0.3063457330415755,0.917939425317111,339,1821,1773,48,269,70,0.8532407407407407,0.5900652660941912,0.5900652660941912
9,0,26,0.5826771653543307,0.8666994589276931,0.2144927536231884,0.9707988980716253,0.3135593220338983,0.9158004158004158,345,1815,1762,53,271,74,0.85,0.5926458258474068,0.5926458258474069
9,0,27,0.5603448275862069,0.8669275929549902,0.19287833827893175,0.9720241360394953,0.28697571743929357,0.9164727178691493,337,1823,1772,51,272,65,0.850462962962963,0.5824512371592137,0.5824512371592135
9,0,28,0.5826086956521739,0.8660146699266503,0.19648093841642228,0.9736118746564046,0.293859649122807,0.9166666666666666,341,1819,1771,48,274,67,0.850925925925926,0.5850464065364135,0.5850464065364135
9,0,29,0.5726495726495726,0.8614782183064121,0.19142857142857142,0.9723756906077348,0.28693790149892934,0.91357383856735,350,1810,1760,50,283,67,0.8458333333333333,0.5819021310181531,0.581902131018153
9,0,30,0.5702479338842975,0.8661108386463953,0.20175438596491227,0.9713971397139713,0.2980561555075594,0.9157376199118487,342,1818,1766,52,273,69,0.8495370370370371,0.5865757628394418,0.5865757628394418
9,0,31,0.5669291338582677,0.8686669945892769,0.21238938053097345,0.9697968149368479,0.3090128755364807,0.9164504411001557,339,1821,1766,55,267,72,0.850925925925926,0.5910930977339106,0.5910930977339106
9,0,32,0.61,0.8621359223300971,0.17681159420289855,0.9785123966942149,0.27415730337078653,0.9166451612903225,345,1815,1776,39,284,61,0.850462962962963,0.5776619954485567,0.5776619954485567
9,0,33,0.5922330097087378,0.8599902771025766,0.17478510028653296,0.9768083931529542,0.2699115044247788,0.9146845915201655,349,1811,1769,42,288,61,0.8472222222222222,0.5757967467197437,0.5757967467197436
9,0,34,0.6,0.8598540145985402,0.1794871794871795,0.9767827529021559,0.2763157894736842,0.9145962732919255,351,1809,1767,42,288,63,0.8472222222222222,0.5781349661946678,0.5781349661946676
9,0,35,0.625,0.8642578125,0.20114942528735633,0.9768211920529801,0.30434782608695654,0.9170984455958548,348,1812,1770,42,278,70,0.8518518518518519,0.5889853086701682,0.5889853086701682
9,0,36,0.5405405405405406,0.8657881893606637,0.1791044776119403,0.972054794520548,0.26905829596412556,0.9158492514197212,335,1825,1774,51,275,60,0.8490740740740741,0.5755796360662442,0.5755796360662442
9,0,37,0.6213592233009708,0.8667963052989791,0.1893491124260355,0.9785949506037321,0.29024943310657597,0.9193091002835782,338,1822,1783,39,274,64,0.8550925925925926,0.5839720315148839,0.5839720315148837
9,0,38,0.5675675675675675,0.8628599316739873,0.18313953488372092,0.973568281938326,0.27692307692307694,0.9148771021992238,344,1816,1768,48,281,63,0.8476851851851852,0.5783539084110235,0.5783539084110234
9,0,39,0.6416666666666667,0.865686274509804,0.21937321937321938,0.9762299613045882,0.32696390658174096,0.9176409457001818,351,1809,1766,43,274,77,0.8532407407407407,0.5978015903389038,0.5978015903389038
9,0,40,0.5982905982905983,0.8590308370044053,0.19553072625698323,0.9739178690344062,0.29473684210526313,0.9128738621586476,358,1802,1755,47,288,70,0.8449074074074074,0.5847242976456948,0.5847242976456948
9,0,41,0.5535714285714286,0.86669921875,0.18507462686567164,0.9726027397260274,0.27740492170022374,0.916602117221792,335,1825,1775,50,273,62,0.850462962962963,0.5788386832958495,0.5788386832958495
9,0,42,0.5929203539823009,0.8651685393258427,0.19533527696793002,0.9746835443037974,0.29385964912280704,0.9166666666666667,343,1817,1771,46,276,67,0.850925925925926,0.5850094106358638,0.5850094106358638
9,0,43,0.6434782608695652,0.8733496332518338,0.2222222222222222,0.9775588396278051,0.33035714285714285,0.9225206611570248,333,1827,1786,41,259,74,0.8611111111111112,0.5998905309250137,0.5998905309250137
9,0,44,0.5847457627118644,0.8697355533790402,0.20597014925373133,0.9731506849315068,0.304635761589404,0.9185415050426688,335,1825,1776,49,266,69,0.8541666666666666,0.5895604170926191,0.5895604170926191
9,0,45,0.5811965811965812,0.8634361233480177,0.19596541786743515,0.972972972972973,0.29310344827586204,0.9149377593360997,347,1813,1764,49,279,68,0.8481481481481481,0.584469195420204,0.5844691954202041
9,0,46,0.5826086956521739,0.8655256723716381,0.195906432748538,0.9735973597359736,0.2932166301969365,0.9163862283199585,342,1818,1770,48,275,67,0.850462962962963,0.5847518962422558,0.5847518962422559
9,0,47,0.6699029126213593,0.861934856587263,0.1954674220963173,0.9811842833425567,0.3026315789473684,0.9177018633540373,353,1807,1773,34,284,69,0.8527777777777777,0.5883258527194369,0.588325852719437
9,0,48,0.5526315789473685,0.8636363636363636,0.18421052631578946,0.971947194719472,0.2763157894736842,0.9145962732919255,342,1818,1767,51,279,63,0.8472222222222222,0.5780788605176307,0.5780788605176308
9,0,49,0.5779816513761468,0.8659190638712823,0.1863905325443787,0.9747530186608123,0.28187919463087246,0.91711851278079,338,1822,1776,46,275,63,0.8513888888888889,0.5805717756025954,0.5805717756025954
9,0,50,0.5508474576271186,0.8667972575905974,0.19287833827893175,0.9709270433351618,0.2857142857142857,0.9159120310478656,337,1823,1770,53,272,65,0.8495370370370371,0.5819026908070468,0.5819026908070468
9,0,51,0.5929203539823009,0.8617489008304836,0.19142857142857142,0.974585635359116,0.2894168466522678,0.9147005444646097,350,1810,1764,46,283,67,0.8476851851851852,0.5830071033938438,0.5830071033938438
9,0,52,0.6106194690265486,0.8676111382510991,0.20294117647058824,0.9758241758241758,0.3046357615894039,0.9185415050426686,340,1820,1776,44,271,69,0.8541666666666666,0.589382676147382,0.5893826761473819
9,0,53,0.5573770491803278,0.8601570166830226,0.19263456090651557,0.9701162147205312,0.2863157894736842,0.9118335500650195,353,1807,1753,54,285,68,0.8430555555555556,0.5813753878135234,0.5813753878135234
9,0,54,0.6,0.8694376528117359,0.20535714285714285,0.9747807017543859,0.30598669623059865,0.919100542775911,336,1824,1778,46,267,69,0.8550925925925926,0.5900689223057644,0.5900689223057645
9,0,55,0.6260869565217392,0.8625916870415647,0.20396600566572237,0.9762036524626453,0.3076923076923077,0.9158878504672897,353,1807,1764,43,281,72,0.85,0.5900848290641838,0.5900848290641838
9,0,56,0.5739130434782609,0.8645476772616137,0.1924198250728863,0.973032471106219,0.28820960698689957,0.915587778353185,343,1817,1768,49,277,66,0.8490740740740741,0.5827261480895527,0.5827261480895527
9,0,57,0.5645161290322581,0.8659135559921415,0.20408163265306123,0.9702806824435883,0.2997858672376874,0.9151310667012719,343,1817,1763,54,273,70,0.8486111111111111,0.5871811575483248,0.5871811575483248
9,0,58,0.6086956521739131,0.8650366748166259,0.2023121387283237,0.9751929437706726,0.3036876355748373,0.916817828452967,346,1814,1769,45,276,70,0.8513888888888889,0.5887525412494982,0.588752541249498
9,0,59,0.5892857142857143,0.861328125,0.18857142857142858,0.974585635359116,0.28571428571428575,0.9144634525660964,350,1810,1764,46,284,66,0.8472222222222222,0.5815785319652723,0.5815785319652723
9,0,60,0.6330275229357798,0.8649439297903462,0.1994219653179191,0.9779492833517089,0.3032967032967033,0.9179818887451487,346,1814,1774,40,277,69,0.8532407407407407,0.588685624334814,0.588685624334814
9,0,61,0.631578947368421,0.8660801564027371,0.20809248554913296,0.9768467475192943,0.31304347826086953,0.9181347150259068,346,1814,1772,42,274,72,0.8537037037037037,0.5924696165342136,0.5924696165342136
9,0,62,0.6050420168067226,0.8642822146006859,0.20630372492836677,0.9740474875759249,0.3076923076923077,0.9158878504672896,349,1811,1764,47,277,72,0.85,0.5901756062521458,0.5901756062521458
9,0,63,0.5948275862068966,0.8639921722113503,0.1988472622478386,0.9740761169332598,0.29805615550755943,0.9157376199118485,347,1813,1766,47,278,69,0.8495370370370371,0.5864616895905491,0.5864616895905492
9,0,64,0.5929203539823009,0.8641914997557401,0.19420289855072465,0.9746556473829201,0.29257641921397376,0.9161056447436561,345,1815,1769,46,278,67,0.85,0.5844292729668223,0.5844292729668223
9,0,65,0.6347826086956522,0.8650366748166259,0.20916905444126074,0.9768083931529542,0.3146551724137931,0.9175311203319503,349,1811,1769,42,276,73,0.8527777777777777,0.5929887237971075,0.5929887237971074
9,0,66,0.5862068965517241,0.8688845401174168,0.20238095238095238,0.9736842105263158,0.30088495575221236,0.9183040330920372,336,1824,1776,48,268,68,0.8537037037037037,0.5880325814536341,0.588032581453634
9,0,67,0.6057692307692307,0.8667315175097277,0.18694362017804153,0.9775095995611629,0.2857142857142857,0.9187935034802784,337,1823,1782,41,274,63,0.8541666666666666,0.5822266098696022,0.5822266098696023
9,0,68,0.5982905982905983,0.8649045521292217,0.2023121387283237,0.974090407938258,0.30237580993520524,0.9162561576354679,346,1814,1767,47,276,70,0.850462962962963,0.5882012733332909,0.5882012733332908
9,0,69,0.6068376068376068,0.8697993147332355,0.21068249258160238,0.9747668678003292,0.31277533039647576,0.9192964304190377,337,1823,1777,46,266,71,0.8555555555555555,0.5927246801909658,0.5927246801909658
9,0,70,0.6036036036036037,0.8692044899951196,0.2,0.9758904109589042,0.3004484304932736,0.9194630872483222,335,1825,1781,44,268,67,0.8555555555555555,0.5879452054794521,0.5879452054794521
9,0,71,0.5964912280701754,0.8680351906158358,0.20118343195266272,0.9747530186608123,0.30088495575221236,0.9183040330920373,338,1822,1776,46,270,68,0.8537037037037037,0.5879682253067374,0.5879682253067375
9,0,72,0.6,0.8676470588235294,0.21052631578947367,0.9735973597359736,0.3116883116883116,0.9175738724727838,342,1818,1770,48,270,72,0.8527777777777777,0.5920618377627236,0.5920618377627237
9,0,73,0.6166666666666667,0.8666666666666667,0.2138728323699422,0.9746416758544653,0.3175965665236052,0.9174883238194084,346,1814,1768,46,272,74,0.8527777777777777,0.5942572541122038,0.5942572541122038
9,0,74,0.5714285714285714,0.8686918177364037,0.20238095238095238,0.9720394736842105,0.2989010989010989,0.917464424320828,336,1824,1773,51,268,68,0.8523148148148149,0.5872102130325815,0.5872102130325815
9,0,75,0.575,0.8642156862745098,0.1994219653179191,0.9718853362734289,0.296137339055794,0.9148936170212766,346,1814,1763,51,277,69,0.8481481481481481,0.5856536507956739,0.585653650795674
9,0,76,0.6106194690265486,0.8651685393258427,0.2,0.9757575757575757,0.30131004366812225,0.9171413775245987,345,1815,1771,44,276,69,0.8518518518518519,0.5878787878787879,0.5878787878787879
9,0,77,0.6272727272727273,0.8624390243902439,0.19658119658119658,0.9773355444997236,0.2993492407809111,0.9162995594713657,351,1809,1768,41,282,69,0.850462962962963,0.5869583705404601,0.5869583705404601
9,0,78,0.5929203539823009,0.8671226184660479,0.1976401179941003,0.9747391543108183,0.29646017699115046,0.9177869700103412,339,1821,1775,46,272,67,0.8527777777777777,0.5861896361524593,0.5861896361524592
9,0,79,0.5652173913043478,0.8665036674816626,0.19230769230769232,0.9725576289791438,0.2869757174392936,0.9164727178691492,338,1822,1772,50,273,65,0.850462962962963,0.582432660643418,0.582432660643418
9,0,80,0.5726495726495726,0.8688203622124328,0.2,0.9726027397260274,0.29646017699115046,0.9177869700103413,335,1825,1775,50,268,67,0.8527777777777777,0.5863013698630136,0.5863013698630136
9,0,81,0.6050420168067226,0.8682018618324351,0.21114369501466276,0.9741616272677295,0.3130434782608696,0.9181347150259067,341,1819,1772,47,269,72,0.8537037037037037,0.5926526611411961,0.5926526611411962
9,0,82,0.5882352941176471,0.8672219500244978,0.20527859237536658,0.9730621220450797,0.3043478260869565,0.9170984455958548,341,1819,1770,49,271,70,0.8518518518518519,0.5891703572102232,0.5891703572102232
9,0,83,0.5982142857142857,0.8681640625,0.19881305637982197,0.9753154141524959,0.2984409799554566,0.9186256781193489,337,1823,1778,45,270,67,0.8541666666666666,0.587064235266159,0.5870642352661589
9,0,84,0.5943396226415094,0.8622200584225901,0.18208092485549132,0.976295479603087,0.27876106194690264,0.9157187176835574,346,1814,1771,43,283,63,0.8490740740740741,0.5791882022292892,0.5791882022292891
9,0,85,0.6068376068376068,0.8653940283896231,0.20520231213872833,0.9746416758544653,0.30669546436285094,0.9167746953590874,346,1814,1768,46,275,71,0.8513888888888889,0.5899219939965968,0.5899219939965967
9,0,86,0.5877192982456141,0.864613880742913,0.19476744186046513,0.9741189427312775,0.2925764192139738,0.9161056447436562,344,1816,1769,47,277,67,0.85,0.5844431922958714,0.5844431922958713
9,0,87,0.5284552845528455,0.8674521354933726,0.19402985074626866,0.9682191780821918,0.2838427947598253,0.9150699119627136,335,1825,1767,58,270,65,0.8481481481481481,0.5811245144142302,0.5811245144142302
9,0,88,0.5565217391304348,0.8655256723716381,0.1887905604719764,0.9719934102141681,0.2819383259911894,0.9156751163993793,339,1821,1770,51,275,64,0.8490740740740741,0.5803919853430722,0.5803919853430722
9,0,89,0.6068376068376068,0.8697993147332355,0.21068249258160238,0.9747668678003292,0.31277533039647576,0.9192964304190377,337,1823,1777,46,266,71,0.8555555555555555,0.5927246801909658,0.5927246801909658
9,0,90,0.6228070175438597,0.8651026392961877,0.20461095100864554,0.9762824048538334,0.3080260303687636,0.9173360974345685,347,1813,1770,43,276,71,0.8523148148148149,0.5904466779312395,0.5904466779312395
9,0,91,0.616822429906542,0.8660496833901608,0.1935483870967742,0.977460142935679,0.29464285714285715,0.918388429752066,341,1819,1778,41,275,66,0.8537037037037037,0.5855042650162265,0.5855042650162265
9,0,92,0.6216216216216216,0.8643240605173256,0.1988472622478386,0.9768339768339769,0.30131004366812225,0.9171413775245987,347,1813,1771,42,278,69,0.8518518518518519,0.5878406195409077,0.5878406195409077
9,0,93,0.6018518518518519,0.8669590643274854,0.19230769230769232,0.9763995609220637,0.29147982062780275,0.9184305627258648,338,1822,1779,43,273,65,0.8537037037037037,0.584353626614878,0.584353626614878
9,0,94,0.5811965811965812,0.8629466470876163,0.19540229885057472,0.9729580573951435,0.2924731182795699,0.9146562905317769,348,1812,1763,49,280,68,0.8476851851851852,0.5841801781228592,0.584180178122859
9,0,95,0.5877192982456141,0.8641251221896383,0.19420289855072465,0.9741046831955923,0.29193899782135074,0.9158249158249159,345,1815,1768,47,278,67,0.8495370370370371,0.5841537908731584,0.5841537908731584
9,0,96,0.6186440677966102,0.8667972575905974,0.21159420289855072,0.9752066115702479,0.31533477321814257,0.9178117708063261,345,1815,1770,45,272,73,0.8532407407407407,0.5934004072343992,0.5934004072343992
9,0,97,0.54,0.8601941747572815,0.15789473684210525,0.9746974697469747,0.24434389140271492,0.9138731304796286,342,1818,1772,46,288,54,0.8453703703703703,0.56629610329454,0.56629610329454
9,0,98,0.6055045871559633,0.8629936616284739,0.19020172910662825,0.9762824048538334,0.2894736842105263,0.9161490683229814,347,1813,1770,43,281,66,0.85,0.5832420669802308,0.5832420669802308
9,0,99,0.6065573770491803,0.8675171736997056,0.21511627906976744,0.973568281938326,0.31759656652360513,0.9174883238194084,344,1816,1768,48,270,74,0.8527777777777777,0.5943422805040467,0.5943422805040468
11,0,0,0.6530612244897959,0.8690591658583899,0.19161676646706588,0.9813800657174151,0.2962962962962963,0.9218106995884774,334,1826,1792,34,270,64,0.8592592592592593,0.5864984160922405,0.5864984160922405
11,0,1,0.5784313725490197,0.8673469387755102,0.17771084337349397,0.9764770240700219,0.271889400921659,0.9186824498198661,332,1828,1785,43,273,59,0.8537037037037037,0.5770939337217579,0.5770939337217579
11,0,2,0.625,0.8633720930232558,0.17543859649122806,0.9801980198019802,0.273972602739726,0.9180834621329211,342,1818,1782,36,282,60,0.8527777777777777,0.5778183081466042,0.5778183081466041
11,0,3,0.6632653061224489,0.8676042677012609,0.19230769230769232,0.9818880351262349,0.29816513761467894,0.9212152420185376,338,1822,1789,33,273,65,0.8583333333333333,0.5870978637169636,0.5870978637169636
11,0,4,0.693069306930693,0.8669256920835356,0.20348837209302326,0.9829295154185022,0.31460674157303364,0.9212903225806451,344,1816,1785,31,274,70,0.8587962962962963,0.5932089437557627,0.5932089437557627
11,0,5,0.6428571428571429,0.8666343355965083,0.1863905325443787,0.9807903402854007,0.2889908256880734,0.9201853759011329,338,1822,1787,35,275,63,0.8564814814814815,0.5835904364148897,0.5835904364148896
11,0,6,0.6060606060606061,0.8675400291120815,0.18018018018018017,0.9786535303776683,0.27777777777777773,0.9197530864197531,333,1827,1788,39,273,60,0.8555555555555555,0.5794168552789242,0.5794168552789243
11,0,7,0.6451612903225806,0.8645379777455249,0.17647058823529413,0.9818681318681318,0.2771362586605081,0.9194751736557756,340,1820,1787,33,280,60,0.8550925925925926,0.5791693600517129,0.5791693600517129
11,0,8,0.6565656565656566,0.8680252304706453,0.19287833827893175,0.9813494240263302,0.29816513761467894,0.9212152420185377,337,1823,1789,34,272,65,0.8583333333333333,0.5871138811526311,0.587113881152631
11,0,9,0.6590909090909091,0.861969111969112,0.1686046511627907,0.9834801762114538,0.26851851851851855,0.918724279835391,344,1816,1786,30,286,58,0.8537037037037037,0.5760424136871223,0.5760424136871223
11,0,10,0.6372549019607843,0.8629737609329446,0.1873198847262248,0.9795918367346939,0.289532293986637,0.917592353397055,347,1813,1776,37,282,65,0.8523148148148149,0.5834558607304593,0.5834558607304593
11,0,11,0.6509433962264151,0.8700097370983447,0.20535714285714285,0.9797149122807017,0.31221719457013575,0.9216090768437338,336,1824,1787,37,267,69,0.8592592592592593,0.5925360275689222,0.5925360275689223
11,0,12,0.65,0.8581730769230769,0.14985590778097982,0.9845559845559846,0.24355971896955506,0.9170305676855895,347,1813,1785,28,295,52,0.850462962962963,0.5672059461684822,0.5672059461684822
11,0,13,0.6813186813186813,0.8617689705171581,0.1781609195402299,0.9839955849889624,0.28246013667425973,0.9188353517134759,348,1812,1783,29,286,62,0.8541666666666666,0.5810782522645961,0.5810782522645961
11,0,14,0.6842105263157895,0.8648910411622276,0.18895348837209303,0.9834801762114538,0.29612756264236906,0.9203813450141716,344,1816,1786,30,279,65,0.8569444444444444,0.5862168322917735,0.5862168322917733
11,0,15,0.625,0.8638565891472868,0.17595307917888564,0.9802089059923035,0.2745995423340961,0.9183620911666237,341,1819,1783,36,281,60,0.8532407407407407,0.5780809925855946,0.5780809925855945
11,0,16,0.6190476190476191,0.8661800486618005,0.19117647058823528,0.978021978021978,0.29213483146067415,0.9187096774193549,340,1820,1780,40,275,65,0.8541666666666666,0.5845992243051066,0.5845992243051066
11,0,17,0.6701030927835051,0.8623364032961707,0.18624641833810887,0.9823302043070127,0.2914798206278027,0.9184305627258647,349,1811,1779,32,284,65,0.8537037037037037,0.5842883113225609,0.5842883113225608
11,0,18,0.6634615384615384,0.8720817120622568,0.20783132530120482,0.9808533916849015,0.3165137614678899,0.923274974253347,332,1828,1793,35,263,69,0.862037037037037,0.5943423584930532,0.5943423584930532
11,0,19,0.6494845360824743,0.8633058652447891,0.1826086956521739,0.981267217630854,0.2850678733031674,0.9185146982980917,345,1815,1781,34,282,63,0.8537037037037037,0.5819379566415139,0.5819379566415139
11,0,20,0.6122448979591837,0.8612997090203686,0.17341040462427745,0.9790518191841234,0.27027027027027023,0.9164086687306502,346,1814,1776,38,286,60,0.85,0.5762311119042005,0.5762311119042004
11,0,21,0.6333333333333333,0.8647342995169082,0.16913946587537093,0.981897970378497,0.26697892271662765,0.919599280760339,337,1823,1790,33,280,57,0.8550925925925926,0.5755187181269339,0.575518718126934
11,0,22,0.6555555555555556,0.8628019323671497,0.17201166180758018,0.9829389102916896,0.27251732101616627,0.9189606380241832,343,1817,1786,31,284,59,0.8541666666666666,0.5774752860496349,0.5774752860496348
11,0,23,0.631578947368421,0.8610169491525423,0.1729106628242075,0.9806949806949807,0.27149321266968324,0.9169675090252708,347,1813,1778,35,287,60,0.850925925925926,0.5768028217595941,0.5768028217595942
11,0,24,0.7294117647058823,0.8568674698795181,0.17270194986072424,0.9872293170460855,0.27927927927927926,0.9174406604747162,359,1801,1778,23,297,62,0.8518518518518519,0.5799656334534049,0.5799656334534049
11,0,25,0.6470588235294118,0.859277108433735,0.1585014409221902,0.9834528405956977,0.25462962962962965,0.9171810699588476,347,1813,1783,30,292,55,0.850925925925926,0.5709771407589439,0.570977140758944
11,0,26,0.5858585858585859,0.86608442503639,0.17365269461077845,0.9775465498357064,0.2678983833718245,0.9184461023925906,334,1826,1785,41,276,58,0.8532407407407407,0.5755996222232425,0.5755996222232425
11,0,27,0.6704545454545454,0.8576254826254827,0.16666666666666666,0.9839424141749723,0.2669683257918552,0.9164517792676637,354,1806,1777,29,295,59,0.85,0.5753045404208196,0.5753045404208195
11,0,28,0.632183908045977,0.8620356970574047,0.16129032258064516,0.9824079164376031,0.2570093457943925,0.9182939362795477,341,1819,1787,32,286,55,0.8527777777777777,0.5718491195091241,0.5718491195091241
11,0,29,0.6483516483516484,0.860318994683422,0.16954022988505746,0.9823399558498896,0.2687927107061503,0.9172893584127801,348,1812,1780,32,289,59,0.8513888888888889,0.5759400928674735,0.5759400928674736
11,0,30,0.651685393258427,0.8643167551907291,0.1710914454277286,0.9829763866007688,0.2710280373831776,0.91983556012333,339,1821,1790,31,281,58,0.8555555555555555,0.5770339160142487,0.5770339160142487
11,0,31,0.6555555555555556,0.8589371980676328,0.16809116809116809,0.9828634604754007,0.2675736961451247,0.916731116267079,351,1809,1778,31,292,59,0.850462962962963,0.5754773142832844,0.5754773142832844
11,0,32,0.6086956521739131,0.8602514506769826,0.16231884057971013,0.9801652892561984,0.2562929061784897,0.9163018284831316,345,1815,1779,36,289,56,0.8495370370370371,0.5712420649179543,0.5712420649179543
11,0,33,0.6595744680851063,0.8630203291384317,0.17971014492753623,0.9823691460055096,0.2824601366742597,0.9188353517134759,345,1815,1783,32,283,62,0.8541666666666666,0.581039645466523,0.581039645466523
11,0,34,0.6595744680851063,0.8635043562439496,0.18023255813953487,0.9823788546255506,0.2831050228310502,0.9191138588356517,344,1816,1784,32,282,62,0.8546296296296296,0.5813057063825426,0.5813057063825428
11,0,35,0.638095238095238,0.8656934306569343,0.19533527696793002,0.9790864061640066,0.29910714285714285,0.9189049586776858,343,1817,1779,38,276,67,0.8546296296296296,0.5872108415659683,0.5872108415659683
11,0,36,0.6413043478260869,0.8655705996131529,0.17507418397626112,0.981897970378497,0.27505827505827507,0.9200719609354922,337,1823,1790,33,278,59,0.8560185185185185,0.578486077177379,0.5784860771773791
11,0,37,0.6138613861386139,0.8688683827100534,0.18674698795180722,0.9786652078774617,0.2863741339491917,0.9205042449189605,332,1828,1789,39,270,62,0.8569444444444444,0.5827060979146345,0.5827060979146345
11,0,38,0.6808510638297872,0.8654404646660213,0.1871345029239766,0.9834983498349835,0.2935779816513761,0.9207003089598352,342,1818,1788,30,278,64,0.8574074074074074,0.58531642637948,0.5853164263794801
11,0,39,0.6464646464646465,0.8651140223192625,0.1871345029239766,0.9807480748074807,0.29024943310657597,0.9193091002835783,342,1818,1783,35,278,64,0.8550925925925926,0.5839412888657287,0.5839412888657287
11,0,40,0.6145833333333334,0.8599806201550387,0.16954022988505746,0.9795805739514348,0.2657657657657657,0.9158926728586171,348,1812,1775,37,289,59,0.8490740740740741,0.5745604019182462,0.5745604019182461
11,0,41,0.648936170212766,0.8620522749273959,0.17630057803468208,0.9818081587651599,0.2772727272727272,0.918041237113402,346,1814,1781,33,285,61,0.8527777777777777,0.579054368399921,0.579054368399921
11,0,42,0.6326530612244898,0.8627546071774975,0.17971014492753623,0.9801652892561984,0.2799097065462754,0.9177198865101882,345,1815,1779,36,283,62,0.8523148148148149,0.5799377170918674,0.5799377170918674
11,0,43,0.59375,0.8609496124031008,0.16569767441860464,0.9785242290748899,0.2590909090909091,0.9159793814432989,344,1816,1777,39,287,57,0.8490740740740741,0.5721109517467473,0.5721109517467473
11,0,44,0.6354166666666666,0.8648255813953488,0.17941176470588235,0.9807692307692307,0.2798165137614679,0.9191555097837281,340,1820,1785,35,279,61,0.8546296296296296,0.5800904977375565,0.5800904977375565
11,0,45,0.6285714285714286,0.8690997566909976,0.19701492537313434,0.9786301369863014,0.3,0.920618556701031,335,1825,1786,39,269,66,0.8574074074074074,0.5878225311797178,0.5878225311797178
11,0,46,0.6521739130434783,0.8646034816247582,0.17647058823529413,0.9824175824175824,0.2777777777777778,0.9197530864197531,340,1820,1788,32,280,60,0.8555555555555555,0.5794440853264382,0.5794440853264382
11,0,47,0.616822429906542,0.8694593278129567,0.19760479041916168,0.9775465498357064,0.29931972789115646,0.9203402938901778,334,1826,1785,41,268,66,0.8569444444444444,0.5875756701274341,0.5875756701274341
11,0,48,0.6451612903225806,0.8621190130624092,0.17391304347826086,0.9818181818181818,0.273972602739726,0.9180834621329211,345,1815,1782,33,285,60,0.8527777777777777,0.5778656126482212,0.5778656126482213
11,0,49,0.6161616161616161,0.8665696263949539,0.18154761904761904,0.9791666666666666,0.2804597701149425,0.9194337194337194,336,1824,1786,38,275,61,0.8550925925925926,0.5803571428571429,0.5803571428571428
11,0,50,0.6018518518518519,0.8630604288499025,0.18786127167630057,0.976295479603087,0.28634361233480177,0.9161924469736161,346,1814,1771,43,281,65,0.85,0.5820783756396939,0.5820783756396938
11,0,51,0.63,0.8679611650485437,0.1880597014925373,0.9797260273972602,0.2896551724137931,0.9204633204633206,335,1825,1788,37,272,63,0.8569444444444444,0.5838928644448989,0.5838928644448989
11,0,52,0.6346153846153846,0.867704280155642,0.1952662721893491,0.9791437980241493,0.2986425339366516,0.9200618875709129,338,1822,1784,38,272,66,0.8564814814814815,0.5872050351067493,0.5872050351067493
11,0,53,0.6666666666666666,0.8662790697674418,0.18823529411764706,0.9824175824175824,0.29357798165137616,0.9207003089598352,340,1820,1788,32,276,64,0.8574074074074074,0.5853264382676148,0.5853264382676148
11,0,54,0.6074766355140186,0.8655625913297613,0.1906158357771261,0.976910390324354,0.2901785714285714,0.9178719008264463,341,1819,1777,42,276,65,0.8527777777777777,0.58376311305074,0.58376311305074
11,0,55,0.66,0.8645631067961165,0.19130434782608696,0.981267217630854,0.2966292134831461,0.9192258064516129,345,1815,1781,34,279,66,0.8550925925925926,0.5862857827284704,0.5862857827284704
11,0,56,0.6236559139784946,0.8601838413159167,0.16714697406340057,0.9806949806949807,0.2636363636363636,0.9164948453608247,347,1813,1778,35,289,58,0.85,0.5739209773791907,0.5739209773791907
11,0,57,0.6382978723404256,0.8635043562439496,0.17543859649122806,0.9812981298129813,0.2752293577981651,0.9186405767250257,342,1818,1784,34,282,60,0.8537037037037037,0.5783683631521047,0.5783683631521046
11,0,58,0.6,0.864720194647202,0.18475073313782991,0.976910390324354,0.2825112107623319,0.9173980382034073,341,1819,1777,42,278,63,0.8518518518518519,0.5808305617310919,0.5808305617310919
11,0,59,0.6262626262626263,0.8680252304706453,0.18562874251497005,0.97973713033954,0.28637413394919164,0.9205042449189607,334,1826,1789,37,272,62,0.8569444444444444,0.582682936427255,0.582682936427255
11,0,60,0.6666666666666666,0.8590116279069767,0.18028169014084508,0.9822714681440443,0.2838137472283814,0.9165158955802533,355,1805,1773,32,291,64,0.850462962962963,0.5812765791424447,0.5812765791424447
11,0,61,0.6808510638297872,0.866892545982575,0.1887905604719764,0.9835255354200988,0.2956120092378753,0.9215333161821456,339,1821,1791,30,275,64,0.8587962962962963,0.5861580479460375,0.5861580479460375
11,0,62,0.6530612244897959,0.8637245392822502,0.1855072463768116,0.981267217630854,0.2889390519187359,0.918751612071189,345,1815,1781,34,281,64,0.8541666666666666,0.5833872320038329,0.5833872320038328
11,0,63,0.6741573033707865,0.8643167551907291,0.17595307917888564,0.9840571742715778,0.2790697674418605,0.9203084832904884,341,1819,1790,29,281,60,0.8564814814814815,0.5800051267252317,0.5800051267252316
11,0,64,0.6326530612244898,0.8671193016488846,0.18452380952380953,0.9802631578947368,0.28571428571428575,0.9202264539372105,336,1824,1788,36,274,62,0.8564814814814815,0.5823934837092732,0.5823934837092731
11,0,65,0.6116504854368932,0.8677685950413223,0.1880597014925373,0.9780821917808219,0.2876712328767123,0.9196290571870169,335,1825,1785,40,272,63,0.8555555555555555,0.5830709466366796,0.5830709466366797
11,0,66,0.6153846153846154,0.8647859922178989,0.1871345029239766,0.977997799779978,0.28699551569506726,0.9179143004646361,342,1818,1778,40,278,64,0.8527777777777777,0.5825661513519773,0.5825661513519773
11,0,67,0.6237623762376238,0.8659543467702768,0.18584070796460178,0.9791323448654585,0.2863636363636364,0.9190721649484536,339,1821,1783,38,276,63,0.8546296296296296,0.5824865264150302,0.5824865264150301
11,0,68,0.6744186046511628,0.8625843780135005,0.16909620991253643,0.9845899834892681,0.27039627039627034,0.9195579542534054,343,1817,1789,28,285,58,0.8550925925925926,0.5768430967009023,0.5768430967009023
11,0,69,0.6704545454545454,0.8576254826254827,0.16666666666666666,0.9839424141749723,0.2669683257918552,0.9164517792676637,354,1806,1777,29,295,59,0.85,0.5753045404208196,0.5753045404208195
11,0,70,0.6190476190476191,0.8652068126520681,0.19005847953216373,0.977997799779978,0.29082774049217003,0.9181513038987865,342,1818,1778,40,277,65,0.8532407407407407,0.5840281396560709,0.5840281396560709
11,0,71,0.6373626373626373,0.8608023199613339,0.1676300578034682,0.9818081587651599,0.2654462242562929,0.9173319598248777,346,1814,1781,33,288,58,0.8513888888888889,0.574719108284314,0.574719108284314
11,0,72,0.6702127659574468,0.8644724104549855,0.1836734693877551,0.9829389102916896,0.28832951945080093,0.9199072881792427,343,1817,1786,31,280,63,0.8560185185185185,0.5833061898397224,0.5833061898397223
11,0,73,0.6530612244897959,0.8666343355965083,0.1887905604719764,0.9813289401427787,0.2929061784897025,0.9204223538501158,339,1821,1787,34,275,64,0.8569444444444444,0.5850597503073776,0.5850597503073776
11,0,74,0.6326530612244898,0.8651794374393792,0.18235294117647058,0.9802197802197802,0.2831050228310502,0.9191138588356518,340,1820,1784,36,278,62,0.8546296296296296,0.5812863606981253,0.5812863606981254
11,0,75,0.7303370786516854,0.8643167551907291,0.18786127167630057,0.9867695700110254,0.29885057471264365,0.9214929214929216,346,1814,1790,24,281,65,0.8587962962962963,0.5873154208436631,0.587315420843663
11,0,76,0.6923076923076923,0.861285645239246,0.18,0.9845303867403314,0.28571428571428575,0.9187935034802784,350,1810,1782,28,287,63,0.8541666666666666,0.5822651933701657,0.5822651933701657
11,0,77,0.6559139784946236,0.861151427189163,0.1752873563218391,0.9823399558498896,0.2766439909297052,0.9177623098736788,348,1812,1780,32,287,61,0.8523148148148149,0.5788136560858644,0.5788136560858643
11,0,78,0.5841584158415841,0.8601262748907237,0.17002881844380405,0.9768339768339769,0.26339285714285715,0.9147727272727273,347,1813,1771,42,288,59,0.8472222222222222,0.5734313976388905,0.5734313976388905
11,0,79,0.6590909090909091,0.861003861003861,0.1676300578034682,0.9834619625137817,0.2672811059907834,0.9181677817807514,346,1814,1784,30,288,58,0.8527777777777777,0.5755460101586249,0.5755460101586249
11,0,80,0.6842105263157895,0.8615012106537531,0.18518518518518517,0.9834162520729685,0.29147982062780264,0.9184305627258647,351,1809,1779,30,286,65,0.8537037037037037,0.5843007186290767,0.5843007186290768
11,0,81,0.6555555555555556,0.8681159420289855,0.17771084337349397,0.9830415754923414,0.2796208530805687,0.9220112878399178,332,1828,1797,31,273,59,0.8592592592592593,0.5803762094329177,0.5803762094329177
11,0,82,0.5858585858585859,0.8651140223192625,0.17261904761904762,0.9775219298245614,0.26666666666666666,0.9178893178893179,336,1824,1783,41,278,58,0.8523148148148149,0.5750704887218046,0.5750704887218046
11,0,83,0.6777777777777778,0.8613526570048309,0.1752873563218391,0.9839955849889624,0.2785388127853881,0.9185986604842864,348,1812,1783,29,287,61,0.8537037037037037,0.5796414706554008,0.5796414706554007
11,0,84,0.6129032258064516,0.861151427189163,0.16569767441860464,0.9801762114537445,0.2608695652173913,0.9168168941540046,344,1816,1780,36,287,57,0.850462962962963,0.5729369429361746,0.5729369429361746
11,0,85,0.6630434782608695,0.8597678916827853,0.1737891737891738,0.9828634604754007,0.27539503386004516,0.9172040237296879,351,1809,1778,31,290,61,0.8513888888888889,0.5783263171322873,0.5783263171322872
11,0,86,0.6702127659574468,0.8683446272991288,0.1880597014925373,0.983013698630137,0.2937062937062937,0.9221279876638397,335,1825,1794,31,272,63,0.8597222222222223,0.5855367000613372,0.5855367000613372
11,0,87,0.6444444444444445,0.8594202898550725,0.166189111747851,0.9823302043070127,0.2642369020501139,0.9167740273125482,349,1811,1779,32,291,58,0.850462962962963,0.574259658027432,0.5742596580274318
11,0,88,0.616822429906542,0.8655625913297613,0.19298245614035087,0.9774477447744775,0.29398663697104677,0.9181090157582021,342,1818,1777,41,276,66,0.8532407407407407,0.5852151004574142,0.5852151004574142
11,0,89,0.6344086021505376,0.8640541848089018,0.17352941176470588,0.9813186813186813,0.27251732101616627,0.918960638024183,340,1820,1786,34,281,59,0.8541666666666666,0.5774240465416937,0.5774240465416935
11,0,90,0.6363636363636364,0.8634169884169884,0.16519174041297935,0.9824272377814388,0.2622950819672131,0.9190855381453892,339,1821,1789,32,283,56,0.8541666666666666,0.5738094890972091,0.5738094890972091
11,0,91,0.6451612903225806,0.8592162554426706,0.17094017094017094,0.9817578772802653,0.2702702702702703,0.9164086687306501,351,1809,1776,33,291,60,0.85,0.5763490241102182,0.576349024110218
11,0,92,0.6464646464646465,0.8704512372634643,0.1933534743202417,0.9808638600328048,0.29767441860465116,0.9223650385604113,331,1829,1794,35,267,64,0.8601851851851852,0.5871086671765232,0.5871086671765233
11,0,93,0.6601941747572816,0.8633932912007778,0.19484240687679083,0.9806736609607951,0.3008849557522124,0.9183040330920371,349,1811,1776,35,281,68,0.8537037037037037,0.587758033918793,0.587758033918793
11,0,94,0.6666666666666666,0.8606676342525399,0.17714285714285713,0.9828729281767956,0.2799097065462754,0.9177198865101883,350,1810,1779,31,288,62,0.8523148148148149,0.5800078926598263,0.5800078926598263
11,0,95,0.6494845360824743,0.8642753271934076,0.1836734693877551,0.9812878370941112,0.2863636363636364,0.9190721649484536,343,1817,1783,34,280,63,0.8546296296296296,0.5824806532409331,0.5824806532409331
11,0,96,0.7,0.8679611650485437,0.2046783625730994,0.9834983498349835,0.3167420814479638,0.922124806601341,342,1818,1788,30,272,70,0.8601851851851852,0.5940883562040415,0.5940883562040415
11,0,97,0.6483516483516484,0.861285645239246,0.17052023121387283,0.9823594266813671,0.2700228832951945,0.9178470254957508,346,1814,1782,32,287,59,0.8523148148148149,0.5764398289476199,0.57643982894762
11,0,98,0.6565656565656566,0.8680252304706453,0.19287833827893175,0.9813494240263302,0.29816513761467894,0.9212152420185377,337,1823,1789,34,272,65,0.8583333333333333,0.5871138811526311,0.587113881152631
11,0,99,0.6372549019607843,0.858600583090379,0.18258426966292135,0.979490022172949,0.2838427947598253,0.9150699119627136,356,1804,1767,37,291,65,0.8481481481481481,0.5810371459179352,0.5810371459179351
13,0,0,0.6436781609195402,0.8668596237337193,0.1686746987951807,0.9830415754923414,0.26730310262529833,0.9213022301973854,332,1828,1797,31,276,56,0.8578703703703704,0.575858137143761,0.575858137143761
13,0,1,0.6710526315789473,0.8570057581573897,0.14613180515759314,0.9861954721148537,0.24000000000000002,0.9170731707317074,349,1811,1786,25,298,51,0.850462962962963,0.5661636386362233,0.5661636386362234
13,0,2,0.7014925373134329,0.8528428093645485,0.1323943661971831,0.9889196675900277,0.22274881516587675,0.9158542842483325,355,1805,1785,20,308,47,0.8481481481481481,0.5606570168936054,0.5606570168936054
13,0,3,0.654320987654321,0.8595478595478595,0.1536231884057971,0.984573002754821,0.2488262910798122,0.9178222907036465,345,1815,1787,28,292,53,0.8518518518518519,0.569098095580309,0.569098095580309
13,0,4,0.7435897435897436,0.8573487031700289,0.16338028169014085,0.9889196675900277,0.2678983833718245,0.9184461023925907,355,1805,1785,20,297,58,0.8532407407407407,0.5761499746400843,0.5761499746400842
13,0,5,0.6842105263157895,0.8598848368522073,0.1511627906976744,0.986784140969163,0.24761904761904763,0.918974358974359,344,1816,1792,24,292,52,0.8537037037037037,0.5689734658334188,0.5689734658334188
13,0,6,0.7011494252873564,0.8620356970574047,0.17579250720461095,0.9856591285162714,0.28110599078341014,0.9197117858980957,347,1813,1787,26,286,61,0.8555555555555555,0.5807258178604411,0.5807258178604412
13,0,7,0.6276595744680851,0.8625363020329139,0.17201166180758018,0.9807374793615851,0.27002288329519447,0.9178470254957508,343,1817,1782,35,284,59,0.8523148148148149,0.5763745705845826,0.5763745705845826
13,0,8,0.7236842105263158,0.8642034548944337,0.16272189349112426,0.9884742041712404,0.26570048309178745,0.9221710189452125,338,1822,1801,21,283,55,0.8592592592592593,0.5755980488311825,0.5755980488311824
13,0,9,0.7058823529411765,0.8621686746987952,0.17341040462427745,0.9862183020948181,0.27842227378190254,0.9200308562612498,346,1814,1789,25,286,60,0.8560185185185185,0.5798143533595478,0.5798143533595478
13,0,10,0.6707317073170732,0.8628488931665063,0.16176470588235295,0.9851648351648352,0.26066350710900477,0.9199589533093895,340,1820,1793,27,285,55,0.8555555555555555,0.5734647705235941,0.573464770523594
13,0,11,0.7051282051282052,0.8611911623439001,0.15988372093023256,0.9873348017621145,0.26066350710900477,0.9199589533093895,344,1816,1793,23,289,55,0.8555555555555555,0.5736092613461735,0.5736092613461735
13,0,12,0.6144578313253012,0.862782859894078,0.15178571428571427,0.9824561403508771,0.24343675417661095,0.9187387849269418,336,1824,1792,32,285,51,0.8532407407407407,0.5671209273182957,0.5671209273182958
13,0,13,0.7397260273972602,0.8548155246765692,0.15126050420168066,0.9894620077648364,0.2511627906976744,0.917223650385604,357,1803,1784,19,303,54,0.850925925925926,0.5703612559832585,0.5703612559832585
13,0,14,0.7468354430379747,0.857760691975012,0.16619718309859155,0.9889196675900277,0.271889400921659,0.9186824498198662,355,1805,1785,20,296,59,0.8537037037037037,0.5775584253443096,0.5775584253443097
13,0,15,0.6373626373626373,0.8666022232962783,0.17365269461077845,0.9819277108433735,0.27294117647058824,0.9206675224646983,334,1826,1793,33,276,58,0.8569444444444444,0.5777902027270759,0.5777902027270759
13,0,16,0.6588235294117647,0.863132530120482,0.16470588235294117,0.984065934065934,0.2635294117647059,0.9196405648267009,340,1820,1791,29,284,56,0.8550925925925926,0.5743859082094377,0.5743859082094376
13,0,17,0.7051282051282052,0.8592699327569645,0.15804597701149425,0.9873068432671082,0.25821596244131456,0.9188495120698511,348,1812,1789,23,293,55,0.8537037037037037,0.5726764101393013,0.5726764101393012
13,0,18,0.7283950617283951,0.8576238576238576,0.16619718309859155,0.9878116343490305,0.2706422018348624,0.9181256436663233,355,1805,1783,22,296,59,0.8527777777777777,0.577004408723811,0.577004408723811
13,0,19,0.6835443037974683,0.8606439211917347,0.1569767441860465,0.9862334801762115,0.25531914893617025,0.9191685912240186,344,1816,1791,25,290,54,0.8541666666666666,0.5716051121811291,0.571605112181129
13,0,20,0.6559139784946236,0.8645379777455249,0.17888563049853373,0.9824079164376031,0.28110599078341014,0.9197117858980958,341,1819,1787,32,280,61,0.8555555555555555,0.5806467734680684,0.5806467734680684
13,0,21,0.7160493827160493,0.8605098605098606,0.16666666666666666,0.9873068432671082,0.2703962703962704,0.9195579542534055,348,1812,1789,23,290,58,0.8550925925925926,0.5769867549668874,0.5769867549668873
13,0,22,0.6835443037974683,0.861604997597309,0.15789473684210525,0.9862486248624862,0.25653206650831356,0.9197230058989485,342,1818,1793,25,288,54,0.8550925925925926,0.5720716808522958,0.5720716808522958
13,0,23,0.7027027027027027,0.8590604026845637,0.15028901734104047,0.9878721058434399,0.24761904761904763,0.918974358974359,346,1814,1792,22,294,52,0.8537037037037037,0.5690805615922402,0.5690805615922402
13,0,24,0.6404494382022472,0.8619024625784645,0.1661807580174927,0.9823885525591635,0.2638888888888889,0.9182098765432098,343,1817,1785,32,286,57,0.8527777777777777,0.5742846552883282,0.5742846552883281
13,0,25,0.6923076923076923,0.8602305475504323,0.1565217391304348,0.9867768595041322,0.25531914893617025,0.9191685912240185,345,1815,1791,24,291,54,0.8541666666666666,0.5716492993172835,0.5716492993172835
13,0,26,0.6582278481012658,0.8649687650168189,0.15615615615615616,0.9852216748768473,0.2524271844660194,0.9211873080859775,333,1827,1800,27,281,52,0.8574074074074074,0.5706889155165017,0.5706889155165018
13,0,27,0.6470588235294118,0.8616867469879518,0.1608187134502924,0.9834983498349835,0.25761124121779855,0.9185717955304392,342,1818,1788,30,287,55,0.8532407407407407,0.572158531642638,0.572158531642638
13,0,28,0.6933333333333334,0.8580335731414868,0.14942528735632185,0.9873068432671082,0.24586288416075652,0.9181421606363869,348,1812,1789,23,296,52,0.8523148148148149,0.568366065311715,0.568366065311715
13,0,29,0.7051282051282052,0.8583093179634966,0.15714285714285714,0.987292817679558,0.25700934579439255,0.9182939362795478,350,1810,1787,23,295,55,0.8527777777777777,0.5722178374112076,0.5722178374112076
13,0,30,0.6704545454545454,0.8643822393822393,0.17352941176470588,0.984065934065934,0.2757009345794392,0.9203494347379239,340,1820,1791,29,281,59,0.8564814814814815,0.57879767291532,0.5787976729153199
13,0,31,0.6585365853658537,0.8628488931665063,0.1592920353982301,0.9846238330587589,0.2565320665083135,0.9197230058989484,339,1821,1793,28,285,54,0.8550925925925926,0.5719579342284945,0.5719579342284945
13,0,32,0.675,0.8634615384615385,0.15976331360946747,0.9857299670691547,0.2583732057416268,0.920553562275756,338,1822,1796,26,284,54,0.8564814814814815,0.572746640339311,0.5727466403393111
13,0,33,0.6710526315789473,0.8608445297504799,0.1495601173020528,0.9862561847168774,0.2446043165467626,0.9192928516525749,341,1819,1794,25,290,51,0.8541666666666666,0.567908151009465,0.567908151009465
13,0,34,0.691358024691358,0.8547378547378547,0.1564245810055866,0.9861265260821309,0.25512528473804097,0.9157433651120844,358,1802,1777,25,302,56,0.8486111111111111,0.5712755535438588,0.5712755535438587
13,0,35,0.7083333333333334,0.85727969348659,0.14613180515759314,0.988404196576477,0.24228028503562946,0.9181841497819955,349,1811,1790,21,298,51,0.8523148148148149,0.567268000867035,0.5672680008670351
13,0,36,0.6477272727272727,0.8648648648648649,0.16913946587537093,0.9829950630828305,0.2682352941176471,0.9201540436456996,337,1823,1792,31,280,57,0.8560185185185185,0.5760672644791006,0.5760672644791007
13,0,37,0.6666666666666666,0.8570743405275779,0.14367816091954022,0.9862030905077263,0.23640661938534277,0.9171157300487555,348,1812,1787,25,298,50,0.850462962962963,0.5649406257136333,0.5649406257136332
13,0,38,0.6666666666666666,0.8572117703810902,0.1638418079096045,0.9839424141749723,0.26303854875283444,0.9162155194637793,354,1806,1777,29,296,58,0.8495370370370371,0.5738921110422883,0.5738921110422884
13,0,39,0.691358024691358,0.8624338624338624,0.16374269005847952,0.9862486248624862,0.2647754137115839,0.9201950218116499,342,1818,1793,25,286,56,0.8560185185185185,0.5749956574604829,0.5749956574604829
13,0,40,0.7236842105263158,0.8646833013435701,0.1632047477744807,0.988480526604498,0.26634382566585957,0.922446890197082,337,1823,1802,21,282,55,0.8597222222222223,0.5758426371894894,0.5758426371894894
13,0,41,0.6790123456790124,0.8619528619528619,0.1608187134502924,0.9856985698569857,0.26004728132387706,0.9196818065178342,342,1818,1792,26,287,55,0.8550925925925926,0.573258641653639,0.573258641653639
13,0,42,0.6626506024096386,0.8637457871930669,0.16272189349112426,0.9846322722283205,0.26128266033254155,0.9202359579379328,338,1822,1794,28,283,55,0.8560185185185185,0.5736770828597224,0.5736770828597224
13,0,43,0.6463414634146342,0.8589990375360924,0.1531791907514451,0.984013230429989,0.24766355140186913,0.9172661870503597,346,1814,1785,29,293,53,0.850925925925926,0.5685962105907171,0.568596210590717
13,0,44,0.6883116883116883,0.8617378780604896,0.15542521994134897,0.9868059373282023,0.2535885167464115,0.920041004613019,341,1819,1795,24,288,53,0.8555555555555555,0.5711155786347757,0.5711155786347757
13,0,45,0.6625,0.8605769230769231,0.15451895043731778,0.9851403412217942,0.25059101654846333,0.9186553759302029,343,1817,1790,27,290,53,0.8532407407407407,0.5698296458295559,0.569829645829556
13,0,46,0.6428571428571429,0.8627167630057804,0.1592920353982301,0.9835255354200988,0.2553191489361702,0.9191685912240184,339,1821,1791,30,285,54,0.8541666666666666,0.5714087854091644,0.5714087854091644
13,0,47,0.6627906976744186,0.8659594985535197,0.1701492537313433,0.9841095890410959,0.27078384798099764,0.9212618620159015,335,1825,1796,29,278,57,0.8578703703703704,0.5771294213862197,0.5771294213862196
13,0,48,0.6533333333333333,0.8633093525179856,0.1467065868263473,0.9857612267250822,0.2396088019559902,0.9204806954743032,334,1826,1800,26,285,49,0.8560185185185185,0.5662339067757147,0.5662339067757147
13,0,49,0.7027027027027027,0.862895493767977,0.15384615384615385,0.9879253567508233,0.2524271844660194,0.9211873080859775,338,1822,1800,22,286,52,0.8574074074074074,0.5708857552984885,0.5708857552984886
13,0,50,0.6582278481012658,0.8630466122056704,0.1543026706231454,0.9851892484914976,0.25,0.9200819672131147,337,1823,1796,27,285,52,0.8555555555555555,0.5697459595573214,0.5697459595573214
13,0,51,0.7012987012987013,0.8665386461833894,0.16265060240963855,0.987417943107221,0.26405867970660146,0.9230375862950653,332,1828,1805,23,278,54,0.8606481481481482,0.5750342727584298,0.5750342727584298
13,0,52,0.5955056179775281,0.8604538870111057,0.15497076023391812,0.9801980198019802,0.24593967517401394,0.9164309591154538,342,1818,1782,36,289,53,0.8495370370370371,0.5675843900179491,0.5675843900179491
13,0,53,0.6455696202531646,0.865929841422393,0.15454545454545454,0.9846994535519126,0.2493887530562347,0.9215034518026081,330,1830,1802,28,279,51,0.8578703703703704,0.5696224540486835,0.5696224540486835
13,0,54,0.6578947368421053,0.8555662188099808,0.14245014245014245,0.9856274184632393,0.234192037470726,0.9160030824556897,351,1809,1783,26,301,50,0.8486111111111111,0.564038780456691,0.5640387804566909
13,0,55,0.7073170731707317,0.8599615014436959,0.166189111747851,0.9867476532302595,0.2691415313225058,0.9190023142195938,349,1811,1787,24,291,58,0.8541666666666666,0.5764683824890553,0.5764683824890553
13,0,56,0.6262626262626263,0.863658418243571,0.18075801749271136,0.9796367638965328,0.28054298642533937,0.9179989685404848,343,1817,1780,37,281,62,0.8527777777777777,0.5801973906946221,0.5801973906946221
13,0,57,0.6551724137931034,0.864447660395562,0.16863905325443787,0.9835345773874863,0.26823529411764707,0.9201540436456996,338,1822,1792,30,281,57,0.8560185185185185,0.5760868153209622,0.5760868153209621
13,0,58,0.6962025316455697,0.8606439211917347,0.15942028985507245,0.9867768595041322,0.25943396226415094,0.9194045174537987,345,1815,1791,24,290,55,0.8546296296296296,0.5730985746796023,0.5730985746796023
13,0,59,0.6363636363636364,0.8585907335907336,0.16045845272206305,0.9823302043070127,0.2562929061784897,0.9163018284831316,349,1811,1779,32,293,56,0.8495370370370371,0.571394328514538,0.5713943285145379
13,0,60,0.7605633802816901,0.865007180469124,0.16071428571428573,0.9906798245614035,0.2653562653562654,0.9235880398671096,336,1824,1807,17,282,54,0.861574074074074,0.5756970551378446,0.5756970551378445
13,0,61,0.6626506024096386,0.8594126143476167,0.1585014409221902,0.9845559845559846,0.2558139534883721,0.9177377892030849,347,1813,1785,28,292,55,0.8518518518518519,0.5715287127390873,0.5715287127390873
13,0,62,0.7012987012987013,0.8631781084973595,0.1592920353982301,0.9873695771554091,0.2596153846153846,0.9211065573770492,339,1821,1798,23,285,54,0.8574074074074074,0.5733308062768196,0.5733308062768195
13,0,63,0.6883116883116883,0.85741718674988,0.15142857142857144,0.9867403314917127,0.24824355971896958,0.9175443103005394,350,1810,1786,24,297,53,0.8513888888888889,0.5690844514601421,0.5690844514601421
13,0,64,0.7037037037037037,0.862914862914863,0.16666666666666666,0.9867986798679867,0.2695035460992908,0.9207082371054658,342,1818,1794,24,285,57,0.8569444444444444,0.5767326732673267,0.5767326732673267
13,0,65,0.6756756756756757,0.8609779482262704,0.14705882352941177,0.9868131868131869,0.24154589371980675,0.9196108550947261,340,1820,1796,24,290,50,0.8546296296296296,0.5669360051712993,0.5669360051712993
13,0,66,0.625,0.8643822393822393,0.1636904761904762,0.9819078947368421,0.25943396226415094,0.9194045174537989,336,1824,1791,33,281,55,0.8546296296296296,0.5727991854636592,0.5727991854636592
13,0,67,0.7027027027027027,0.8585810162991371,0.14985590778097982,0.987865416436845,0.2470308788598575,0.9186971018209799,347,1813,1791,22,295,52,0.8532407407407407,0.5688606621089124,0.5688606621089124
13,0,68,0.6493506493506493,0.85741718674988,0.1440922190201729,0.9851075565361279,0.2358490566037736,0.9168377823408624,347,1813,1786,27,297,50,0.85,0.5645998877781504,0.5645998877781504
13,0,69,0.6451612903225806,0.8621190130624092,0.17391304347826086,0.9818181818181818,0.273972602739726,0.9180834621329211,345,1815,1782,33,285,60,0.8527777777777777,0.5778656126482212,0.5778656126482213
13,0,70,0.704225352112676,0.8621349928195309,0.14792899408284024,0.9884742041712404,0.24449877750611249,0.9209920736384557,338,1822,1801,21,288,50,0.8569444444444444,0.5682015991270404,0.5682015991270403
13,0,71,0.65,0.8620192307692308,0.15339233038348082,0.9846238330587589,0.2482100238663484,0.9192514739810305,339,1821,1793,28,287,52,0.8541666666666666,0.5690080817211198,0.5690080817211198
13,0,72,0.6705882352941176,0.8650602409638555,0.16913946587537093,0.9846407021393307,0.27014218009478674,0.9209851205746538,337,1823,1795,28,280,57,0.8574074074074074,0.5768900840073509,0.5768900840073509
13,0,73,0.6172839506172839,0.860990860990861,0.14749262536873156,0.9829763866007688,0.23809523809523808,0.9179487179487179,339,1821,1790,31,289,50,0.8518518518518519,0.5652345059847502,0.5652345059847502
13,0,74,0.6951219512195121,0.8633301251203079,0.16715542521994134,0.9862561847168774,0.2695035460992908,0.9207082371054658,341,1819,1794,25,284,57,0.8569444444444444,0.5767058049684094,0.5767058049684093
13,0,75,0.6941176470588235,0.860722891566265,0.16954022988505746,0.9856512141280354,0.27251732101616627,0.9189606380241832,348,1812,1786,26,289,59,0.8541666666666666,0.5775957220065464,0.5775957220065464
13,0,76,0.6190476190476191,0.8636801541425819,0.15522388059701492,0.9824657534246576,0.2482100238663484,0.9192514739810305,335,1825,1793,32,283,52,0.8541666666666666,0.5688448170108362,0.5688448170108362
13,0,77,0.6413043478260869,0.8665377176015474,0.1761194029850746,0.9819178082191781,0.2763466042154567,0.9206267659902388,335,1825,1792,33,276,59,0.8569444444444444,0.5790186056021264,0.5790186056021264
13,0,78,0.6428571428571429,0.8598265895953757,0.1565217391304348,0.9834710743801653,0.2517482517482518,0.9175019275250579,345,1815,1785,30,291,54,0.8513888888888889,0.5699964067553001,0.5699964067553001
13,0,79,0.6527777777777778,0.8587164750957854,0.13742690058479531,0.9862486248624862,0.22705314009661834,0.9180747567844342,342,1818,1793,25,295,47,0.8518518518518519,0.5618377627236407,0.5618377627236408
13,0,80,0.6521739130434783,0.8621856866537717,0.17391304347826086,0.9823691460055096,0.2745995423340961,0.9183620911666237,345,1815,1783,32,285,60,0.8532407407407407,0.5781410947418852,0.5781410947418852
13,0,81,0.6578947368421053,0.8608445297504799,0.14705882352941177,0.9857142857142858,0.2403846153846154,0.9190573770491803,340,1820,1794,26,290,50,0.8537037037037037,0.5663865546218487,0.5663865546218487
13,0,82,0.7272727272727273,0.8636581853096496,0.16470588235294117,0.9884615384615385,0.2685851318944844,0.921854983346144,340,1820,1799,21,284,56,0.8587962962962963,0.5765837104072399,0.5765837104072398
13,0,83,0.6162790697674418,0.8592092574734812,0.1536231884057971,0.9818181818181818,0.2459396751740139,0.9164309591154538,345,1815,1782,33,292,53,0.8495370370370371,0.5677206851119894,0.5677206851119895
13,0,84,0.6904761904761905,0.8583815028901735,0.16477272727272727,0.9856194690265486,0.2660550458715596,0.917610710607621,352,1808,1782,26,294,58,0.8518518518518519,0.5751960981496379,0.5751960981496379
13,0,85,0.6538461538461539,0.8583093179634966,0.14739884393063585,0.9851157662624035,0.2405660377358491,0.9173511293634498,346,1814,1787,27,295,51,0.850925925925926,0.5662573050965197,0.5662573050965196
13,0,86,0.7012987012987013,0.8631781084973595,0.1592920353982301,0.9873695771554091,0.2596153846153846,0.9211065573770492,339,1821,1798,23,285,54,0.8574074074074074,0.5733308062768196,0.5733308062768195
13,0,87,0.6805555555555556,0.8591954022988506,0.14285714285714285,0.9873417721518988,0.23614457831325303,0.9188220230473751,343,1817,1794,23,294,49,0.8532407407407407,0.5650994575045208,0.5650994575045208
13,0,88,0.6883116883116883,0.8607777244359097,0.15451895043731778,0.9867914144193726,0.2523809523809524,0.9194871794871794,343,1817,1793,24,290,53,0.8546296296296296,0.5706551824283451,0.5706551824283452
13,0,89,0.6666666666666666,0.8559077809798271,0.14772727272727273,0.9856194690265486,0.24186046511627907,0.9161953727506427,352,1808,1782,26,300,52,0.8490740740740741,0.5666733708769106,0.5666733708769106
13,0,90,0.6304347826086957,0.8655705996131529,0.17261904761904762,0.981359649122807,0.2710280373831776,0.91983556012333,336,1824,1790,34,278,58,0.8555555555555555,0.5769893483709274,0.5769893483709274
13,0,91,0.6973684210526315,0.8642034548944337,0.15773809523809523,0.987390350877193,0.25728155339805825,0.921699078812692,336,1824,1801,23,283,53,0.8583333333333333,0.5725642230576441,0.5725642230576441
13,0,92,0.6575342465753424,0.8557738380450407,0.13753581661891118,0.9861954721148537,0.2274881516587678,0.9163673678809646,349,1811,1786,25,301,48,0.8490740740740741,0.5618656443668824,0.5618656443668824
13,0,93,0.6235294117647059,0.8636144578313253,0.15773809523809523,0.9824561403508771,0.2517814726840855,0.919210053859964,336,1824,1792,32,283,53,0.8541666666666666,0.5700971177944862,0.5700971177944862
13,0,94,0.6470588235294118,0.8669879518072289,0.1661631419939577,0.9835975943138326,0.264423076923077,0.9216188524590164,331,1829,1799,30,276,55,0.8583333333333333,0.5748803681538952,0.5748803681538952
13,0,95,0.6666666666666666,0.8654124457308249,0.17210682492581603,0.984092155787164,0.27358490566037735,0.9209445585215605,337,1823,1794,29,279,58,0.8574074074074074,0.57809949035649,0.57809949035649
13,0,96,0.6438356164383562,0.8567321514135122,0.13583815028901733,0.9856670341786108,0.22434367541766106,0.9166880287105871,346,1814,1788,26,299,47,0.8495370370370371,0.5607525922338141,0.5607525922338141
13,0,97,0.6781609195402298,0.859141341051616,0.16809116809116809,0.9845218352681039,0.2694063926940639,0.9175682637815558,351,1809,1781,28,292,59,0.8518518518518519,0.5763065016796359,0.576306501679636
13,0,98,0.6753246753246753,0.8612578012481997,0.15249266862170088,0.9862561847168774,0.2488038277511962,0.9195284469502819,341,1819,1794,25,289,52,0.8546296296296296,0.5693744266692892,0.5693744266692892
13,0,99,0.6428571428571429,0.8607899807321773,0.15743440233236153,0.9834892680242158,0.2529274004683841,0.9180580529154894,343,1817,1787,30,289,54,0.8523148148148149,0.5704618351782886,0.5704618351782886
15,0,0,0.7230769230769231,0.8601431980906922,0.13823529411764707,0.9901098901098901,0.23209876543209876,0.9205619412515964,340,1820,1802,18,293,47,0.8560185185185185,0.5641725921137686,0.5641725921137686
15,0,1,0.6911764705882353,0.858508604206501,0.13702623906705538,0.988442487616951,0.22871046228710462,0.9189050908160654,343,1817,1796,21,296,47,0.8532407407407407,0.5627343633420031,0.5627343633420031
15,0,2,0.7222222222222222,0.8601532567049809,0.1511627906976744,0.9889867841409692,0.25,0.9200819672131149,344,1816,1796,20,292,52,0.8555555555555555,0.5700747874193218,0.5700747874193218
15,0,3,0.6805555555555556,0.860632183908046,0.14411764705882352,0.9873626373626374,0.23786407766990292,0.9196519959058341,340,1820,1797,23,291,49,0.8546296296296296,0.5657401422107304,0.5657401422107304
15,0,4,0.7272727272727273,0.8581661891117478,0.1391304347826087,0.9900826446280991,0.23357664233576642,0.9194167306216423,345,1815,1797,18,297,48,0.8541666666666666,0.564606539705354,0.5646065397053539
15,0,5,0.7333333333333333,0.8623501199040767,0.1608187134502924,0.988998899889989,0.26378896882494,0.9213425570074301,342,1818,1798,20,287,55,0.8578703703703704,0.5749088066701407,0.5749088066701407
15,0,6,0.7611940298507462,0.8590539894887721,0.14739884393063585,0.9911797133406836,0.2469733656174334,0.9203992833375991,346,1814,1798,16,295,51,0.8560185185185185,0.5692892786356598,0.5692892786356597
15,0,7,0.7538461538461538,0.8572792362768497,0.14080459770114942,0.9911699779249448,0.23728813559322035,0.9193754799078576,348,1812,1796,16,299,49,0.8541666666666666,0.5659872878130471,0.5659872878130471
15,0,8,0.6417910447761194,0.8547539417104635,0.1239193083573487,0.9867622724765582,0.2077294685990338,0.916026625704045,347,1813,1789,24,304,43,0.8481481481481481,0.5553407904169535,0.5553407904169534
15,0,9,0.7123287671232876,0.8596070915189267,0.15072463768115943,0.9884297520661157,0.2488038277511962,0.919528446950282,345,1815,1794,21,293,52,0.8546296296296296,0.5695771948736377,0.5695771948736376
15,0,10,0.7183098591549296,0.8626136907611297,0.15088757396449703,0.9890230515916575,0.2493887530562347,0.9215034518026078,338,1822,1802,20,287,51,0.8578703703703704,0.5699553127780773,0.5699553127780773
15,0,11,0.7540983606557377,0.8565983801810386,0.13256484149855907,0.9917264202978489,0.22549019607843135,0.9192229038854806,347,1813,1798,15,301,46,0.8537037037037037,0.562145630898204,0.562145630898204
15,0,12,0.6956521739130435,0.8546150167384027,0.13636363636363635,0.9883849557522124,0.22802850356294535,0.9166452936650423,352,1808,1787,21,304,48,0.8495370370370371,0.5623742960579243,0.5623742960579244
15,0,13,0.6857142857142857,0.8588516746411483,0.13994169096209913,0.9878921298844249,0.23244552058111378,0.9188635781929869,343,1817,1795,22,295,48,0.8532407407407407,0.563916910423262,0.563916910423262
15,0,14,0.6973684210526315,0.8627639155470249,0.15634218289085547,0.9873695771554091,0.255421686746988,0.9208706786171575,339,1821,1798,23,286,53,0.8569444444444444,0.5718558800231323,0.5718558800231323
15,0,15,0.6764705882352942,0.858508604206501,0.13450292397660818,0.9878987898789879,0.224390243902439,0.9186700767263427,342,1818,1796,22,296,46,0.8527777777777777,0.5612008569277981,0.5612008569277981
15,0,16,0.6710526315789473,0.8675623800383877,0.1559633027522936,0.9863611565739225,0.25310173697270477,0.9231554761296912,327,1833,1808,25,276,51,0.8606481481481482,0.571162229663108,0.571162229663108
15,0,17,0.7384615384615385,0.8572792362768497,0.138328530259366,0.9906232763375621,0.23300970873786409,0.9191402251791198,347,1813,1796,17,299,48,0.8537037037037037,0.564475903298464,0.5644759032984641
15,0,18,0.7903225806451613,0.8570066730219257,0.14040114613180515,0.992821645499724,0.23844282238442824,0.9199283704272193,349,1811,1798,13,300,49,0.8550925925925926,0.5666113958157646,0.5666113958157646
15,0,19,0.7540983606557377,0.8561219628394473,0.13218390804597702,0.9917218543046358,0.22493887530562348,0.918946560981846,348,1812,1797,15,302,46,0.8532407407407407,0.5619528811753064,0.5619528811753064
15,0,20,0.6666666666666666,0.866474543707973,0.15757575757575756,0.985792349726776,0.2549019607843137,0.9222903885480572,330,1830,1804,26,278,52,0.8592592592592593,0.5716840536512667,0.5716840536512668
15,0,21,0.6865671641791045,0.8619206880076445,0.1373134328358209,0.9884931506849315,0.22885572139303484,0.920877998979071,335,1825,1804,21,289,46,0.8564814814814815,0.5629032917603762,0.5629032917603762
15,0,22,0.7352941176470589,0.859942638623327,0.1457725947521866,0.9900935608145295,0.24330900243309,0.9204400102327961,343,1817,1799,18,293,50,0.8560185185185185,0.567933077783358,0.5679330777833581
15,0,23,0.6666666666666666,0.8607108549471661,0.15204678362573099,0.9856985698569857,0.24761904761904763,0.9189743589743589,342,1818,1792,26,290,52,0.8537037037037037,0.5688726767413583,0.5688726767413583
15,0,24,0.7101449275362319,0.852702056432329,0.13725490196078433,0.9889073765945646,0.23004694835680756,0.9157678479712378,357,1803,1783,20,308,49,0.8481481481481481,0.5630811392776744,0.5630811392776744
15,0,25,0.6956521739130435,0.8603538976566236,0.1411764705882353,0.9884615384615385,0.23471882640586797,0.919969317310151,340,1820,1799,21,292,48,0.8550925925925926,0.5648190045248869,0.564819004524887
15,0,26,0.7402597402597403,0.8612578012481997,0.16473988439306358,0.9889746416758545,0.2695035460992908,0.9207082371054658,346,1814,1794,20,289,57,0.8569444444444444,0.5768572630344591,0.5768572630344591
15,0,27,0.6857142857142857,0.8559808612440192,0.13753581661891118,0.9878520154610713,0.22911694510739858,0.9172007177646758,349,1811,1789,22,301,48,0.850462962962963,0.5626939160399912,0.5626939160399912
15,0,28,0.6363636363636364,0.8650984157465195,0.1484848484848485,0.9846994535519126,0.24078624078624078,0.9210324559161769,330,1830,1802,28,281,49,0.8569444444444444,0.5665921510183806,0.5665921510183805
15,0,29,0.7313432835820896,0.8557095078834209,0.1396011396011396,0.9900497512437811,0.2344497607655502,0.9179907739620707,351,1809,1791,18,302,49,0.8518518518518519,0.5648254454224604,0.5648254454224604
15,0,30,0.7878787878787878,0.8595988538681948,0.15028901734104047,0.9922822491730982,0.2524271844660194,0.9211873080859775,346,1814,1800,14,294,52,0.8574074074074074,0.5712856332570693,0.5712856332570693
15,0,31,0.7384615384615385,0.8625298329355608,0.14285714285714285,0.9906798245614035,0.23940149625935161,0.9221740239857107,336,1824,1807,17,288,48,0.8587962962962963,0.5667684837092731,0.5667684837092732
15,0,32,0.7,0.861244019138756,0.14454277286135694,0.9884678747940692,0.23960880195599024,0.9204806954743033,339,1821,1800,21,290,49,0.8560185185185185,0.566505323827713,0.5665053238277131
15,0,33,0.75,0.8635057471264368,0.1592920353982301,0.9901153212520593,0.2627737226277372,0.9224865694551035,339,1821,1803,18,285,54,0.8597222222222223,0.5747036783251447,0.5747036783251447
15,0,34,0.7352941176470589,0.861376673040153,0.14705882352941177,0.9901098901098901,0.24509803921568626,0.9212678936605319,340,1820,1802,18,290,50,0.8574074074074074,0.5685843568196509,0.5685843568196509
15,0,35,0.7464788732394366,0.861656294877932,0.15497076023391812,0.9900990099009901,0.2566585956416465,0.9214230867673406,342,1818,1800,18,289,53,0.8578703703703704,0.5725348850674541,0.5725348850674541
15,0,36,0.6933333333333334,0.8642685851318945,0.15522388059701492,0.9873972602739726,0.2536585365853658,0.9217391304347825,335,1825,1802,23,283,52,0.8583333333333333,0.5713105704354938,0.5713105704354937
15,0,37,0.6712328767123288,0.8615237182558697,0.14497041420118342,0.986827661909989,0.2384428223844282,0.9199283704272192,338,1822,1798,24,289,49,0.8550925925925926,0.5658990380555862,0.5658990380555862
15,0,38,0.6285714285714286,0.8593301435406698,0.1301775147928994,0.9857299670691547,0.21568627450980393,0.918200408997955,338,1822,1796,26,294,44,0.8518518518518519,0.557953740931027,0.5579537409310271
15,0,39,0.7027027027027027,0.8609779482262704,0.15204678362573099,0.9878987898789879,0.25,0.9200819672131146,342,1818,1796,22,290,52,0.8555555555555555,0.5699727867523594,0.5699727867523594
15,0,40,0.7761194029850746,0.8590539894887721,0.14985590778097982,0.9917264202978489,0.25120772946859904,0.9206349206349206,347,1813,1798,15,295,52,0.8564814814814815,0.5707911640394143,0.5707911640394143
15,0,41,0.75,0.8594049904030711,0.16285714285714287,0.9895027624309393,0.26760563380281693,0.9198767334360555,350,1810,1791,19,293,57,0.8555555555555555,0.5761799526440411,0.576179952644041
15,0,42,0.6666666666666666,0.8628297362110312,0.1488095238095238,0.9862938596491229,0.24330900243309,0.9204400102327961,336,1824,1799,25,286,50,0.8560185185185185,0.5675516917293233,0.5675516917293233
15,0,43,0.7230769230769231,0.8577565632458234,0.13623188405797101,0.9900826446280991,0.22926829268292684,0.9191815856777494,345,1815,1797,18,298,47,0.8537037037037037,0.563157264343035,0.5631572643430351
15,0,44,0.7027027027027027,0.8624161073825504,0.15339233038348082,0.9879187259747392,0.25181598062953997,0.9209111850524699,339,1821,1799,22,287,52,0.8569444444444444,0.5706555281791099,0.57065552817911
15,0,45,0.6933333333333334,0.8642685851318945,0.15522388059701492,0.9873972602739726,0.2536585365853658,0.9217391304347825,335,1825,1802,23,283,52,0.8583333333333333,0.5713105704354938,0.5713105704354937
15,0,46,0.7377049180327869,0.857551214864221,0.1308139534883721,0.9911894273127754,0.22222222222222227,0.9195402298850576,344,1816,1800,16,299,45,0.8541666666666666,0.5610016904005737,0.5610016904005737
15,0,47,0.7183098591549296,0.8606988989947343,0.14912280701754385,0.988998899889989,0.24697336561743338,0.9203992833375992,342,1818,1798,20,291,51,0.8560185185185185,0.5690608534537664,0.5690608534537664
15,0,48,0.7142857142857143,0.8617224880382776,0.14749262536873156,0.9890170236133993,0.24449877750611249,0.9209920736384556,339,1821,1801,20,289,50,0.8569444444444444,0.5682548244910655,0.5682548244910653
15,0,49,0.7205882352941176,0.8604206500956023,0.1436950146627566,0.9895547003848268,0.23960880195599024,0.9204806954743032,341,1819,1800,19,292,49,0.8560185185185185,0.5666248575237918,0.5666248575237917
15,0,50,0.7272727272727273,0.8553008595988538,0.13675213675213677,0.9900497512437811,0.23021582733812954,0.9177555726364336,351,1809,1791,18,303,48,0.8513888888888889,0.5634009439979589,0.5634009439979589
15,0,51,0.7083333333333334,0.860632183908046,0.14912280701754385,0.9884488448844885,0.24637681159420288,0.9201228878648233,342,1818,1797,21,291,51,0.8555555555555555,0.5687858259510162,0.5687858259510161
15,0,52,0.7096774193548387,0.8551000953288846,0.12643678160919541,0.9900662251655629,0.21463414634146344,0.9176470588235294,348,1812,1794,18,304,44,0.850925925925926,0.5582515033873792,0.5582515033873792
15,0,53,0.746031746031746,0.8564616118264187,0.13505747126436782,0.9911699779249448,0.22871046228710462,0.9189050908160654,348,1812,1796,16,301,47,0.8532407407407407,0.5631137245946563,0.5631137245946563
15,0,54,0.64,0.8580335731414868,0.13953488372093023,0.9851321585903083,0.22911694510739855,0.9172007177646757,344,1816,1789,27,296,48,0.850462962962963,0.5623335211556193,0.5623335211556193
15,0,55,0.7285714285714285,0.8607655502392344,0.14912280701754385,0.9895489548954896,0.24757281553398056,0.9206755373592631,342,1818,1799,19,291,51,0.8564814814814815,0.5693358809565167,0.5693358809565167
15,0,56,0.7272727272727273,0.8553008595988538,0.13675213675213677,0.9900497512437811,0.23021582733812954,0.9177555726364336,351,1809,1791,18,303,48,0.8513888888888889,0.5634009439979589,0.5634009439979589
15,0,57,0.7014925373134329,0.8590539894887721,0.13742690058479531,0.988998899889989,0.2298288508557457,0.9194579391459985,342,1818,1798,20,295,47,0.8541666666666666,0.5632129002373921,0.5632129002373921
15,0,58,0.7162162162162162,0.862895493767977,0.15634218289085547,0.9884678747940692,0.2566585956416465,0.9214230867673406,339,1821,1800,21,286,53,0.8578703703703704,0.5724050288424624,0.5724050288424624
15,0,59,0.6956521739130435,0.8550932568149211,0.13675213675213677,0.988391376451078,0.2285714285714286,0.916923076923077,351,1809,1788,21,303,48,0.85,0.5625717566016074,0.5625717566016073
15,0,60,0.746268656716418,0.8547539417104635,0.14124293785310735,0.9905869324473976,0.23752969121140144,0.9176711977430111,354,1806,1789,17,304,50,0.8513888888888889,0.5659149351502524,0.5659149351502525
15,0,61,0.7704918032786885,0.8556455454978561,0.13428571428571429,0.9922651933701657,0.22871046228710462,0.9189050908160654,350,1810,1796,14,303,47,0.8532407407407407,0.56327545382794,0.56327545382794
15,0,62,0.6986301369863014,0.8538572113080978,0.14325842696629212,0.9878048780487805,0.23776223776223773,0.9159599074787972,356,1804,1782,22,305,51,0.8486111111111111,0.5655316525075363,0.5655316525075362
15,0,63,0.6865671641791045,0.8595317725752508,0.13529411764705881,0.9884615384615385,0.22604422604422605,0.9194991055456171,340,1820,1799,21,294,46,0.8541666666666666,0.5618778280542986,0.5618778280542986
15,0,64,0.6891891891891891,0.8600191754554171,0.14868804664723032,0.9873417721518988,0.24460431654676257,0.919292851652575,343,1817,1794,23,292,51,0.8541666666666666,0.5680149093995646,0.5680149093995646
15,0,65,0.7164179104477612,0.8542761586239848,0.1359773371104816,0.9894853348090759,0.22857142857142856,0.916923076923077,353,1807,1788,19,305,48,0.85,0.5627313359597786,0.5627313359597786
15,0,66,0.6388888888888888,0.8582375478927203,0.13450292397660818,0.9856985698569857,0.2222222222222222,0.9175627240143369,342,1818,1792,26,296,46,0.850925925925926,0.5601007469167969,0.5601007469167969
15,0,67,0.7076923076923077,0.8587112171837709,0.13450292397660818,0.9895489548954896,0.22604422604422603,0.9194991055456171,342,1818,1799,19,296,46,0.8541666666666666,0.5620259394360488,0.5620259394360488
15,0,68,0.684931506849315,0.8557738380450407,0.14245014245014245,0.9872857932559425,0.2358490566037736,0.9168377823408623,351,1809,1786,23,301,50,0.85,0.5648679678530425,0.5648679678530424
15,0,69,0.7377049180327869,0.8537398761314912,0.1278409090909091,0.9911504424778761,0.2179176755447942,0.9173278730483747,352,1808,1792,16,307,45,0.850462962962963,0.5594956757843926,0.5594956757843925
15,0,70,0.704225352112676,0.8568693154619436,0.14326647564469913,0.988404196576477,0.23809523809523808,0.9179487179487179,349,1811,1790,21,299,50,0.8518518518518519,0.5658353361105881,0.5658353361105881
15,0,71,0.734375,0.8583015267175572,0.13662790697674418,0.9906387665198237,0.23039215686274508,0.9197341513292433,344,1816,1799,17,297,47,0.8546296296296296,0.563633336748284,0.563633336748284
15,0,72,0.6865671641791045,0.8580984233158147,0.13411078717201166,0.988442487616951,0.22439024390243903,0.9186700767263426,343,1817,1796,21,297,46,0.8527777777777777,0.5612766373944814,0.5612766373944813
15,0,73,0.6714285714285714,0.8569377990430622,0.13583815028901733,0.9873208379272327,0.22596153846153844,0.9175204918032788,346,1814,1791,23,299,47,0.850925925925926,0.561579494108125,0.561579494108125
15,0,74,0.711864406779661,0.857686815801999,0.12316715542521994,0.9906542056074766,0.21,0.919387755102041,341,1819,1802,17,299,42,0.8537037037037037,0.5569106805163482,0.5569106805163483
15,0,75,0.7540983606557377,0.8589804668889948,0.13450292397660818,0.9917491749174917,0.22828784119106696,0.9206025019147306,342,1818,1803,15,296,46,0.8560185185185185,0.5631260494470499,0.56312604944705
15,0,76,0.7424242424242424,0.8567335243553008,0.14040114613180515,0.9906129210381005,0.23614457831325303,0.9188220230473751,349,1811,1794,17,300,49,0.8532407407407407,0.5655070335849528,0.5655070335849529
15,0,77,0.6867469879518072,0.8623013962445836,0.1661807580174927,0.9856906989543203,0.26760563380281693,0.9198767334360554,343,1817,1791,26,286,57,0.8555555555555555,0.5759357284859065,0.5759357284859065
15,0,78,0.7313432835820896,0.8585762064022934,0.14202898550724638,0.9900826446280991,0.23786407766990292,0.9196519959058341,345,1815,1797,18,296,49,0.8546296296296296,0.5660558150676727,0.5660558150676728
15,0,79,0.72,0.8575539568345324,0.15384615384615385,0.988391376451078,0.2535211267605634,0.9183359013867489,351,1809,1788,21,297,54,0.8527777777777777,0.5711187651486158,0.5711187651486159
15,0,80,0.6582278481012658,0.8582412301777992,0.14985590778097982,0.9851075565361279,0.24413145539906103,0.9173086800205444,347,1813,1786,27,295,52,0.850925925925926,0.5674817321585538,0.5674817321585539
15,0,81,0.7101449275362319,0.8641798182687709,0.14714714714714713,0.9890530925013684,0.24378109452736318,0.922409392547218,333,1827,1807,20,284,49,0.8592592592592593,0.5681001198242578,0.5681001198242578
15,0,82,0.6944444444444444,0.8587164750957854,0.14492753623188406,0.9878787878787879,0.23980815347721823,0.9187804253138611,345,1815,1793,22,295,50,0.8532407407407407,0.566403162055336,0.5664031620553359
15,0,83,0.7313432835820896,0.862876254180602,0.14583333333333334,0.9901315789473685,0.24317617866004965,0.9221342864437069,336,1824,1806,18,287,49,0.8587962962962963,0.5679824561403508,0.5679824561403509
15,0,84,0.6818181818181818,0.8581661891117478,0.13157894736842105,0.9884488448844885,0.22058823529411764,0.9187116564417177,342,1818,1797,21,297,45,0.8527777777777777,0.5600138961264548,0.5600138961264547
15,0,85,0.734375,0.8563931297709924,0.13505747126436782,0.9906181015452539,0.22815533980582522,0.9186284544524053,348,1812,1795,17,301,47,0.8527777777777777,0.5628377864048107,0.5628377864048109
15,0,86,0.78125,0.8592557251908397,0.14492753623188406,0.9922865013774105,0.24449877750611249,0.9209920736384556,345,1815,1801,14,295,50,0.8569444444444444,0.5686070188046473,0.5686070188046473
15,0,87,0.7027027027027027,0.8633748801534037,0.1543026706231454,0.9879319802523313,0.2530413625304136,0.9214632898439499,337,1823,1801,22,285,52,0.8578703703703704,0.5711173254377383,0.5711173254377383
15,0,88,0.7076923076923077,0.8587112171837709,0.13450292397660818,0.9895489548954896,0.22604422604422603,0.9194991055456171,342,1818,1799,19,296,46,0.8541666666666666,0.5620259394360488,0.5620259394360488
15,0,89,0.6933333333333334,0.8580335731414868,0.14942528735632185,0.9873068432671082,0.24586288416075652,0.9181421606363869,348,1812,1789,23,296,52,0.8523148148148149,0.568366065311715,0.568366065311715
15,0,90,0.6764705882352942,0.8575525812619503,0.13372093023255813,0.987885462555066,0.22330097087378636,0.9181166837256909,344,1816,1794,22,298,46,0.8518518518518519,0.560803196393812,0.560803196393812
15,0,91,0.6923076923076923,0.8655139289145053,0.16167664670658682,0.9868565169769989,0.2621359223300971,0.9222108495394064,334,1826,1802,24,280,54,0.8592592592592593,0.5742665818417929,0.5742665818417929
15,0,92,0.71875,0.8616412213740458,0.13690476190476192,0.9901315789473685,0.23000000000000004,0.9214285714285714,336,1824,1806,18,290,46,0.8574074074074074,0.5635181704260652,0.5635181704260652
15,0,93,0.7213114754098361,0.8565983801810386,0.12753623188405797,0.990633608815427,0.21674876847290642,0.9187531936637711,345,1815,1798,17,301,44,0.8527777777777777,0.5590849203497424,0.5590849203497424
15,0,94,0.6805555555555556,0.8615900383141762,0.14497041420118342,0.9873765093304061,0.23902439024390243,0.9202046035805626,338,1822,1799,23,289,49,0.8555555555555555,0.5661734617657947,0.5661734617657947
15,0,95,0.7333333333333333,0.8594724220623501,0.15804597701149425,0.9889624724061811,0.26004728132387706,0.9196818065178343,348,1812,1792,20,293,55,0.8550925925925926,0.5735042247088377,0.5735042247088377
15,0,96,0.6818181818181818,0.8557784145176696,0.12968299711815562,0.9884169884169884,0.21791767554479421,0.9173278730483747,347,1813,1792,21,302,45,0.850462962962963,0.5590499927675721,0.5590499927675721
15,0,97,0.6790123456790124,0.8556998556998557,0.15492957746478872,0.9855955678670361,0.25229357798165136,0.916065911431514,355,1805,1779,26,300,55,0.8490740740740741,0.5702625726659124,0.5702625726659124
15,0,98,0.6984126984126984,0.8540772532188842,0.12571428571428572,0.9895027624309393,0.21307506053268765,0.916815971333504,350,1810,1791,19,306,44,0.8495370370370371,0.5576085240726125,0.5576085240726125
15,0,99,0.7571428571428571,0.861244019138756,0.15451895043731778,0.9906439185470556,0.2566585956416465,0.9214230867673407,343,1817,1800,17,290,53,0.8578703703703704,0.5725814344921867,0.5725814344921867
17,0,0,0.71875,0.8549618320610687,0.13142857142857142,0.9900552486187846,0.2222222222222222,0.9175627240143368,350,1810,1792,18,304,46,0.850925925925926,0.560741910023678,0.560741910023678
17,0,1,0.6875,0.8516221374045801,0.12394366197183099,0.9889196675900277,0.21002386634844866,0.9151499615483208,355,1805,1785,20,311,44,0.8467592592592592,0.5564316647809293,0.5564316647809293
17,0,2,0.6911764705882353,0.8589866156787763,0.13742690058479531,0.9884488448844885,0.2292682926829268,0.9191815856777494,342,1818,1797,21,295,47,0.8537037037037037,0.5629378727346418,0.5629378727346419
17,0,3,0.6875,0.857824427480916,0.1286549707602339,0.988998899889989,0.2167487684729064,0.918753193663771,342,1818,1798,20,298,44,0.8527777777777777,0.5588269353251115,0.5588269353251114
17,0,4,0.6363636363636364,0.8629417382999045,0.1276595744680851,0.9868924085199344,0.21265822784810126,0.9207643312101911,329,1831,1807,24,287,42,0.8560185185185185,0.5572759914940097,0.5572759914940097
17,0,5,0.7627118644067796,0.8514992860542598,0.12605042016806722,0.9922351636161952,0.21634615384615385,0.9164959016393442,357,1803,1789,14,312,45,0.8490740740740741,0.5591427918921312,0.5591427918921312
17,0,6,0.6666666666666666,0.8527462121212122,0.09329446064139942,0.9911942762795817,0.16368286445012786,0.9167727157037413,343,1817,1801,16,311,32,0.8486111111111111,0.5422443684604906,0.5422443684604906
17,0,7,0.7719298245614035,0.854493580599144,0.12571428571428572,0.992817679558011,0.21621621621621623,0.9184768719652441,350,1810,1797,13,306,44,0.8523148148148149,0.5592659826361484,0.5592659826361484
17,0,8,0.7192982456140351,0.8568711364717071,0.11988304093567251,0.9911991199119912,0.20551378446115287,0.9191532772251977,342,1818,1802,16,301,41,0.8532407407407407,0.5555410804238319,0.5555410804238319
17,0,9,0.7352941176470589,0.859942638623327,0.1457725947521866,0.9900935608145295,0.24330900243309,0.9204400102327961,343,1817,1799,18,293,50,0.8560185185185185,0.567933077783358,0.5679330777833581
17,0,10,0.7457627118644068,0.8595906711089957,0.12979351032448377,0.9917627677100495,0.22110552763819094,0.9209586945436001,339,1821,1806,15,295,44,0.8564814814814815,0.5607781390172666,0.5607781390172666
17,0,11,0.6949152542372882,0.8595906711089957,0.12202380952380952,0.9901315789473685,0.20759493670886073,0.9202547770700636,336,1824,1806,18,295,41,0.8550925925925926,0.5560776942355891,0.5560776942355891
17,0,12,0.7049180327868853,0.8561219628394473,0.1246376811594203,0.9900826446280991,0.21182266009852216,0.9182422074603985,345,1815,1797,18,302,43,0.8518518518518519,0.5573601628937597,0.5573601628937597
17,0,13,0.6885245901639344,0.851357789423535,0.11864406779661017,0.9894795127353266,0.20240963855421687,0.9152368758002561,354,1806,1787,19,312,42,0.8467592592592592,0.5540617902659684,0.5540617902659684
17,0,14,0.6986301369863014,0.8624820316243411,0.15088757396449703,0.9879253567508233,0.2481751824817518,0.920951650038373,338,1822,1800,22,287,51,0.8569444444444444,0.5694064653576602,0.5694064653576602
17,0,15,0.7592592592592593,0.8551756885090218,0.11849710982658959,0.9928335170893055,0.20500000000000002,0.9188775510204082,346,1814,1801,13,305,41,0.8527777777777777,0.5556653134579476,0.5556653134579475
17,0,16,0.7627118644067796,0.8595906711089957,0.1323529411764706,0.9923076923076923,0.2255639097744361,0.9211935730680948,340,1820,1806,14,295,45,0.8569444444444444,0.5623303167420814,0.5623303167420814
17,0,17,0.6923076923076923,0.8563245823389022,0.13005780346820808,0.9889746416758545,0.21897810218978103,0.9178818112049116,346,1814,1794,20,301,45,0.8513888888888889,0.5595162225720313,0.5595162225720313
17,0,18,0.7419354838709677,0.8636796949475691,0.13855421686746988,0.9912472647702407,0.233502538071066,0.923076923076923,332,1828,1812,16,286,46,0.8601851851851852,0.5649007408188553,0.5649007408188553
17,0,19,0.6666666666666666,0.8617072007629948,0.12650602409638553,0.9885120350109409,0.21265822784810126,0.9207643312101911,332,1828,1807,21,290,42,0.8560185185185185,0.5575090295536632,0.5575090295536632
17,0,20,0.7313432835820896,0.8561872909698997,0.14,0.9900552486187846,0.23501199040767387,0.9182679989751474,350,1810,1792,18,301,49,0.8523148148148149,0.5650276243093924,0.5650276243093924
17,0,21,0.6779661016949152,0.8543550690147549,0.11560693641618497,0.9895259095920618,0.19753086419753088,0.9169859514687101,346,1814,1795,19,306,40,0.8495370370370371,0.5525664230041234,0.5525664230041234
17,0,22,0.6724137931034483,0.8544243577545195,0.11304347826086956,0.9895316804407713,0.1935483870967742,0.9170283380137861,345,1815,1796,19,306,39,0.8495370370370371,0.5512875793508204,0.5512875793508205
17,0,23,0.7169811320754716,0.8471760797342193,0.10555555555555556,0.9916666666666667,0.18401937046004843,0.9137445610442795,360,1800,1785,15,322,38,0.8439814814814814,0.5486111111111112,0.5486111111111112
17,0,24,0.734375,0.8563931297709924,0.13505747126436782,0.9906181015452539,0.22815533980582522,0.9186284544524053,348,1812,1795,17,301,47,0.8527777777777777,0.5628377864048107,0.5628377864048109
17,0,25,0.7272727272727273,0.8567335243553008,0.13793103448275862,0.9900662251655629,0.23188405797101447,0.9185867895545314,348,1812,1794,18,300,48,0.8527777777777777,0.5639986298241607,0.5639986298241608
17,0,26,0.671875,0.857824427480916,0.12609970674486803,0.9884551951621771,0.21234567901234566,0.9185185185185186,341,1819,1798,21,298,43,0.8523148148148149,0.5572774509535224,0.5572774509535225
17,0,27,0.7377049180327869,0.8585040495474036,0.13157894736842105,0.9911991199119912,0.22332506203473945,0.9200919070717385,342,1818,1802,16,297,45,0.8550925925925926,0.5613890336402061,0.5613890336402061
17,0,28,0.6724137931034483,0.8501427212178877,0.11016949152542373,0.9894795127353266,0.18932038834951456,0.9145342886386897,354,1806,1787,19,315,39,0.8453703703703703,0.5498245021303751,0.5498245021303753
17,0,29,0.7288135593220338,0.8581627796287482,0.12609970674486803,0.9912039582188016,0.215,0.9198979591836735,341,1819,1803,16,298,43,0.8546296296296296,0.5586518324818348,0.5586518324818348
17,0,30,0.6833333333333333,0.8561904761904762,0.119533527696793,0.9895432030820033,0.20347394540942926,0.9180495276997702,343,1817,1798,19,302,41,0.8513888888888889,0.5545383653893982,0.5545383653893982
17,0,31,0.7678571428571429,0.8607414448669202,0.12797619047619047,0.9928728070175439,0.2193877551020408,0.9220977596741344,336,1824,1811,13,293,43,0.8583333333333333,0.5604244987468672,0.5604244987468672
17,0,32,0.7076923076923077,0.8563245823389022,0.13256484149855907,0.9895201323772752,0.2233009708737864,0.918116683725691,347,1813,1794,19,301,46,0.8518518518518519,0.5610424869379173,0.5610424869379171
17,0,33,0.7288135593220338,0.8567348881485007,0.125,0.9911894273127754,0.21339950372208435,0.9190707173857544,344,1816,1800,16,301,43,0.8532407407407407,0.5580947136563876,0.5580947136563876
17,0,34,0.734375,0.8611641221374046,0.1390532544378698,0.9906695938529089,0.2338308457711443,0.9213884635017866,338,1822,1805,17,291,47,0.8574074074074074,0.5648614241453893,0.5648614241453894
17,0,35,0.6865671641791045,0.8580984233158147,0.13411078717201166,0.988442487616951,0.22439024390243903,0.9186700767263426,343,1817,1796,21,297,46,0.8527777777777777,0.5612766373944814,0.5612766373944813
17,0,36,0.7258064516129032,0.8565300285986654,0.13005780346820808,0.9906284454244763,0.22058823529411764,0.9187116564417178,346,1814,1797,17,301,45,0.8527777777777777,0.5603431244463422,0.5603431244463422
17,0,37,0.65,0.8561904761904762,0.11436950146627566,0.9884551951621771,0.19451371571072318,0.9175810155651951,341,1819,1798,21,302,39,0.850462962962963,0.5514123483142263,0.5514123483142264
17,0,38,0.7377049180327869,0.8589804668889948,0.13196480938416422,0.9912039582188016,0.22388059701492538,0.9203675344563552,341,1819,1803,16,296,45,0.8555555555555555,0.5615843838014828,0.5615843838014829
17,0,39,0.6666666666666666,0.8578922269909395,0.12352941176470589,0.9884615384615385,0.20843672456575682,0.9185601225427623,340,1820,1799,21,298,42,0.8523148148148149,0.5559954751131222,0.5559954751131222
17,0,40,0.6875,0.8549618320610687,0.12643678160919541,0.9889624724061811,0.21359223300970878,0.917093142272262,348,1812,1792,20,304,44,0.85,0.557699627007688,0.5576996270076882
17,0,41,0.7543859649122807,0.8540180694246314,0.12285714285714286,0.9922651933701657,0.2113022113022113,0.9179657551750574,350,1810,1796,14,307,43,0.8513888888888889,0.5575611681136543,0.5575611681136543
17,0,42,0.7258064516129032,0.8565300285986654,0.13005780346820808,0.9906284454244763,0.22058823529411764,0.9187116564417178,346,1814,1797,17,301,45,0.8527777777777777,0.5603431244463422,0.5603431244463422
17,0,43,0.7205882352941176,0.8565965583173997,0.14040114613180515,0.9895085588072888,0.23501199040767384,0.9182679989751474,349,1811,1792,19,300,49,0.8523148148148149,0.564954852469547,0.564954852469547
17,0,44,0.7704918032786885,0.8542162934730824,0.13314447592067988,0.9922523519645822,0.22705314009661834,0.9180747567844343,353,1807,1793,14,306,47,0.8518518518518519,0.562698413942631,0.562698413942631
17,0,45,0.7413793103448276,0.8629876308277831,0.1299093655589124,0.9917987971569163,0.22107969151670953,0.9229203764945305,331,1829,1814,15,288,43,0.8597222222222223,0.5608540813579143,0.5608540813579144
17,0,46,0.7241379310344828,0.8563273073263559,0.12209302325581395,0.9911894273127754,0.208955223880597,0.9188361408882083,344,1816,1800,16,302,42,0.8527777777777777,0.5566412252842946,0.5566412252842946
17,0,47,0.7424242424242424,0.8572110792741165,0.14080459770114942,0.9906181015452539,0.23671497584541065,0.9190988223246287,348,1812,1795,17,299,49,0.8537037037037037,0.5657113496232016,0.5657113496232017
17,0,48,0.7068965517241379,0.8582302568981922,0.12094395280235988,0.9906644700713894,0.2065491183879093,0.9197043079276065,339,1821,1804,17,298,41,0.8541666666666666,0.5558042114368746,0.5558042114368746
17,0,49,0.6949152542372882,0.8543550690147549,0.11815561959654179,0.9900717043574186,0.20197044334975373,0.9172202350536536,347,1813,1795,18,306,41,0.85,0.5541136619769803,0.5541136619769802
17,0,50,0.6716417910447762,0.8600095556617295,0.13313609467455623,0.9879253567508233,0.22222222222222224,0.9195402298850573,338,1822,1800,22,293,45,0.8541666666666666,0.5605307257126897,0.5605307257126897
17,0,51,0.7413793103448276,0.8558515699333967,0.12427745664739884,0.9917309812568909,0.21287128712871284,0.9187946884576097,346,1814,1799,15,303,43,0.8527777777777777,0.5580042189521448,0.5580042189521448
17,0,52,0.6865671641791045,0.8566650740563784,0.1329479768786127,0.9884233737596472,0.22276029055690072,0.9178397747632453,346,1814,1793,21,300,46,0.8513888888888889,0.5606856753191299,0.5606856753191299
17,0,53,0.746031746031746,0.8607534573199809,0.13864306784660768,0.9912136188907194,0.2338308457711443,0.9213884635017866,339,1821,1805,16,292,47,0.8574074074074074,0.5649283433686635,0.5649283433686635
17,0,54,0.6911764705882353,0.8604206500956023,0.13864306784660768,0.9884678747940692,0.23095823095823095,0.9200102223358039,339,1821,1800,21,292,47,0.8550925925925926,0.5635554713203385,0.5635554713203383
17,0,55,0.7241379310344828,0.8525214081826832,0.11931818181818182,0.9911504424778761,0.20487804878048782,0.916624040920716,352,1808,1792,16,310,42,0.8490740740740741,0.555234312148029,0.555234312148029
17,0,56,0.6666666666666666,0.8542260208926875,0.10495626822157435,0.9900935608145295,0.18136020151133503,0.9171552383380065,343,1817,1799,18,307,36,0.8495370370370371,0.5475249145180519,0.5475249145180519
17,0,57,0.7076923076923077,0.8553699284009546,0.1318051575931232,0.9895085588072888,0.2222222222222222,0.9175627240143369,349,1811,1792,19,303,46,0.850925925925926,0.560656858200206,0.5606568582002059
17,0,58,0.75,0.8548387096774194,0.11304347826086956,0.9928374655647383,0.1964735516372796,0.9186846800917665,345,1815,1802,13,306,39,0.8523148148148149,0.5529404719128039,0.5529404719128039
17,0,59,0.6833333333333333,0.8542857142857143,0.11815561959654179,0.9895201323772752,0.2014742014742015,0.9169435215946844,347,1813,1794,19,306,41,0.8495370370370371,0.5538378759869085,0.5538378759869085
17,0,60,0.7407407407407407,0.8551756885090218,0.11594202898550725,0.9922865013774105,0.20050125313283207,0.9186432032644734,345,1815,1801,14,305,40,0.8523148148148149,0.5541142651814589,0.5541142651814589
17,0,61,0.7758620689655172,0.8610846812559467,0.13353115727002968,0.9928688974218322,0.2278481012658228,0.9222929936305734,337,1823,1810,13,292,45,0.8587962962962963,0.563200027345931,0.5632000273459309
17,0,62,0.6833333333333333,0.8609523809523809,0.12312312312312312,0.9896004378762999,0.20865139949109415,0.9208046855105678,333,1827,1808,19,292,41,0.8560185185185185,0.5563617804997115,0.5563617804997115
17,0,63,0.6949152542372882,0.8572108519752499,0.12023460410557185,0.9901044529961517,0.20500000000000002,0.9188775510204082,341,1819,1801,18,300,41,0.8527777777777777,0.5551695285508617,0.5551695285508618
17,0,64,0.7068965517241379,0.8553758325404377,0.11884057971014493,0.990633608815427,0.20347394540942929,0.9180495276997701,345,1815,1798,17,304,41,0.8513888888888889,0.554737094262786,0.554737094262786
17,0,65,0.6666666666666666,0.8555078683834049,0.12173913043478261,0.9884297520661157,0.2058823529411765,0.9171779141104294,345,1815,1794,21,303,42,0.85,0.5550844412504491,0.5550844412504491
17,0,66,0.711864406779661,0.8553069966682532,0.12138728323699421,0.9906284454244763,0.2074074074074074,0.918007662835249,346,1814,1797,17,304,42,0.8513888888888889,0.5560078643307352,0.5560078643307352
17,0,67,0.7333333333333333,0.8538095238095238,0.12535612535612536,0.9911553344389166,0.21411192214111924,0.9173701713993349,351,1809,1793,16,307,44,0.850462962962963,0.558255729897521,0.558255729897521
17,0,68,0.7096774193548387,0.8574833174451859,0.1282798833819242,0.9900935608145295,0.21728395061728395,0.9190293742017881,343,1817,1799,18,299,44,0.8532407407407407,0.5591867220982267,0.5591867220982268
17,0,69,0.6417910447761194,0.8590539894887721,0.12721893491124261,0.986827661909989,0.21234567901234572,0.9185185185185186,338,1822,1798,24,295,43,0.8523148148148149,0.5570232984106159,0.5570232984106158
17,0,70,0.7192982456140351,0.8573466476462197,0.12023460410557185,0.9912039582188016,0.20603015075376885,0.9194288628250893,341,1819,1803,16,300,41,0.8537037037037037,0.5557192811621867,0.5557192811621867
17,0,71,0.7,0.8604761904761905,0.1253731343283582,0.9901369863013698,0.21265822784810126,0.9207643312101911,335,1825,1807,18,293,42,0.8560185185185185,0.557755060314864,0.557755060314864
17,0,72,0.6857142857142857,0.8564593301435407,0.13793103448275862,0.9878587196467992,0.2296650717703349,0.9174782162993338,348,1812,1790,22,300,48,0.850925925925926,0.5628948770647789,0.5628948770647789
17,0,73,0.7258064516129032,0.8574833174451859,0.1308139534883721,0.9906387665198237,0.22167487684729065,0.9192641798671436,344,1816,1799,17,299,45,0.8537037037037037,0.5607263600040979,0.5607263600040979
17,0,74,0.704225352112676,0.8611775969363332,0.14705882352941177,0.9884615384615385,0.24330900243309,0.9204400102327961,340,1820,1799,21,290,50,0.8560185185185185,0.5677601809954751,0.5677601809954751
17,0,75,0.7096774193548387,0.8574833174451859,0.1282798833819242,0.9900935608145295,0.21728395061728395,0.9190293742017881,343,1817,1799,18,299,44,0.8532407407407407,0.5591867220982267,0.5591867220982268
17,0,76,0.75,0.8536121673003803,0.12,0.9922651933701657,0.20689655172413793,0.917731221257026,350,1810,1796,14,308,42,0.850925925925926,0.556132596685083,0.5561325966850829
17,0,77,0.7407407407407407,0.855650522317189,0.11627906976744186,0.9922907488986784,0.20100502512562815,0.9189189189189189,344,1816,1802,14,304,40,0.8527777777777777,0.5542849093330602,0.5542849093330601
17,0,78,0.7377049180327869,0.8599333015721772,0.13274336283185842,0.9912136188907194,0.22500000000000003,0.9209183673469387,339,1821,1805,16,294,45,0.8564814814814815,0.5619784908612889,0.5619784908612888
17,0,79,0.6818181818181818,0.8610315186246418,0.13392857142857142,0.9884868421052632,0.22388059701492538,0.9203675344563552,336,1824,1803,21,291,45,0.8555555555555555,0.5612077067669172,0.5612077067669172
17,0,80,0.7068965517241379,0.8553758325404377,0.11884057971014493,0.990633608815427,0.20347394540942929,0.9180495276997701,345,1815,1798,17,304,41,0.8513888888888889,0.554737094262786,0.554737094262786
17,0,81,0.6935483870967742,0.8570066730219257,0.12536443148688048,0.9895432030820033,0.2123456790123457,0.9185185185185185,343,1817,1798,19,300,43,0.8523148148148149,0.5574538172844419,0.5574538172844419
17,0,82,0.7096774193548387,0.8551000953288846,0.12643678160919541,0.9900662251655629,0.21463414634146344,0.9176470588235294,348,1812,1794,18,304,44,0.850925925925926,0.5582515033873792,0.5582515033873792
17,0,83,0.6617647058823529,0.8546845124282982,0.12893982808022922,0.9872998343456654,0.2158273381294964,0.9162182936202921,349,1811,1788,23,304,45,0.8486111111111111,0.5581198312129473,0.5581198312129473
17,0,84,0.6714285714285714,0.861244019138756,0.1394658753709199,0.9873834339001646,0.23095823095823098,0.9200102223358038,337,1823,1800,23,290,47,0.8550925925925926,0.5634246546355423,0.5634246546355423
17,0,85,0.6716417910447762,0.8557095078834209,0.12968299711815562,0.987865416436845,0.2173913043478261,0.9170506912442397,347,1813,1791,22,302,45,0.85,0.5587742067775003,0.5587742067775003
17,0,86,0.7,0.8547619047619047,0.12103746397694524,0.9900717043574186,0.2063882063882064,0.9174546383848708,347,1813,1795,18,305,42,0.850462962962963,0.5555545841671818,0.555554584167182
17,0,87,0.6935483870967742,0.8574833174451859,0.12573099415204678,0.9895489548954896,0.21287128712871287,0.9187946884576098,342,1818,1799,19,299,43,0.8527777777777777,0.5576399745237681,0.5576399745237681
17,0,88,0.676056338028169,0.8573480134035424,0.13872832369942195,0.9873208379272327,0.23021582733812948,0.9177555726364335,346,1814,1791,23,298,48,0.8513888888888889,0.5630245808133273,0.5630245808133274
17,0,89,0.7457627118644068,0.8567348881485007,0.12753623188405797,0.9917355371900827,0.21782178217821782,0.9193054136874363,345,1815,1800,15,301,44,0.8537037037037037,0.5596358845370704,0.5596358845370704
17,0,90,0.7580645161290323,0.8565300285986654,0.13505747126436782,0.9917218543046358,0.2292682926829268,0.9191815856777494,348,1812,1797,15,301,47,0.8537037037037037,0.5633896627845018,0.5633896627845019
17,0,91,0.6428571428571429,0.8583650190114068,0.10778443113772455,0.9890470974808324,0.18461538461538463,0.9190839694656489,334,1826,1806,20,298,36,0.8527777777777777,0.5484157643092784,0.5484157643092784
17,0,92,0.7377049180327869,0.8556455454978561,0.12931034482758622,0.9911699779249448,0.22004889975550124,0.9184351828176937,348,1812,1796,16,303,45,0.8523148148148149,0.5602401613762655,0.5602401613762655
17,0,93,0.746031746031746,0.8578922269909395,0.13623188405797101,0.9911845730027549,0.23039215686274508,0.9197341513292433,345,1815,1799,16,298,47,0.8546296296296296,0.563708228530363,0.563708228530363
17,0,94,0.6818181818181818,0.8562559694364852,0.13005780346820808,0.9884233737596472,0.21844660194174756,0.9176049129989764,346,1814,1793,21,301,45,0.850925925925926,0.5592405886139276,0.5592405886139276
17,0,95,0.6956521739130435,0.8584409373505499,0.13953488372093023,0.9884361233480177,0.23244552058111378,0.918863578192987,344,1816,1795,21,296,48,0.8532407407407407,0.563985503534474,0.563985503534474
17,0,96,0.7321428571428571,0.8583650190114068,0.12094395280235988,0.9917627677100495,0.20759493670886073,0.9202547770700636,339,1821,1806,15,298,41,0.8550925925925926,0.5563533602562047,0.5563533602562046
17,0,97,0.6865671641791045,0.8595317725752508,0.13529411764705881,0.9884615384615385,0.22604422604422605,0.9194991055456171,340,1820,1799,21,294,46,0.8541666666666666,0.5618778280542986,0.5618778280542986
17,0,98,0.6376811594202898,0.8584409373505499,0.12941176470588237,0.9862637362637363,0.21515892420537902,0.9179238046535413,340,1820,1795,25,296,44,0.8513888888888889,0.5578377504848093,0.5578377504848093
17,0,99,0.7213114754098361,0.8570747975226298,0.12790697674418605,0.9906387665198237,0.21728395061728395,0.919029374201788,344,1816,1799,17,300,44,0.8532407407407407,0.5592728716320049,0.5592728716320049
19,0,0,0.7083333333333334,0.8630268199233716,0.1513353115727003,0.988480526604498,0.24938875305623473,0.921503451802608,337,1823,1802,21,286,51,0.8578703703703704,0.5699079190885992,0.5699079190885992
19,0,1,0.7611940298507462,0.8595317725752508,0.14782608695652175,0.9911845730027549,0.24757281553398058,0.9206755373592631,345,1815,1799,16,294,51,0.8564814814814815,0.5695053299796383,0.5695053299796383
19,0,2,0.6949152542372882,0.8524512137077582,0.1168091168091168,0.9900497512437811,0.19999999999999998,0.9161125319693094,351,1809,1791,18,310,41,0.8481481481481481,0.553429434026449,0.553429434026449
19,0,3,0.6491228070175439,0.8506894912030433,0.10541310541310542,0.9889441680486457,0.18137254901960784,0.9146216768916156,351,1809,1789,20,314,37,0.8453703703703703,0.5471786367308755,0.5471786367308756
19,0,4,0.7692307692307693,0.8553130929791272,0.11594202898550725,0.9933884297520661,0.20151133501259447,0.9191944940096866,345,1815,1803,12,305,40,0.8532407407407407,0.5546652293687867,0.5546652293687866
19,0,5,0.8125,0.8522727272727273,0.1111111111111111,0.9950248756218906,0.19548872180451127,0.918133129303749,351,1809,1800,9,312,39,0.8513888888888889,0.5530679933665009,0.5530679933665008
19,0,6,0.6865671641791045,0.8580984233158147,0.13411078717201166,0.988442487616951,0.22439024390243903,0.9186700767263426,343,1817,1796,21,297,46,0.8527777777777777,0.5612766373944814,0.5612766373944813
19,0,7,0.6833333333333333,0.8623809523809524,0.12424242424242424,0.9896174863387979,0.21025641025641023,0.9216284987277353,330,1830,1811,19,289,41,0.8574074074074074,0.5569299552906111,0.5569299552906111
19,0,8,0.7547169811320755,0.8566682486948267,0.11695906432748537,0.9928492849284929,0.20253164556962025,0.9197452229299362,342,1818,1805,13,302,40,0.8541666666666666,0.5549041746279891,0.5549041746279891
19,0,9,0.75,0.8531368821292775,0.11965811965811966,0.992260917634052,0.20638820638820637,0.9174546383848708,351,1809,1795,14,309,42,0.850462962962963,0.5559595186460858,0.5559595186460858
19,0,10,0.5806451612903226,0.8612964728312679,0.11009174311926606,0.9858156028368794,0.18508997429305915,0.9193589417451029,327,1833,1807,26,291,36,0.8532407407407407,0.5479536729780727,0.5479536729780727
19,0,11,0.7288135593220338,0.8633983817229891,0.1303030303030303,0.9912568306010929,0.22107969151670953,0.9229203764945307,330,1830,1814,16,287,43,0.8597222222222223,0.5607799304520616,0.5607799304520615
19,0,12,0.7090909090909091,0.855581947743468,0.11370262390670553,0.9911942762795817,0.19597989949748743,0.9184089750127485,343,1817,1801,16,304,39,0.8518518518518519,0.5524484500931436,0.5524484500931436
19,0,13,0.7049180327868853,0.8570747975226298,0.12536443148688048,0.9900935608145295,0.2128712871287129,0.9187946884576098,343,1817,1799,18,300,43,0.8527777777777777,0.557728996150705,0.557728996150705
19,0,14,0.7166666666666667,0.861904761904762,0.12912912912912913,0.9906951286261632,0.21882951653944022,0.9218232747644514,333,1827,1810,17,290,43,0.8578703703703704,0.5599121288776462,0.5599121288776462
19,0,15,0.7704918032786885,0.8599333015721772,0.1378299120234604,0.9923034634414514,0.23383084577114427,0.9213884635017867,341,1819,1805,14,294,47,0.8574074074074074,0.5650666877324558,0.5650666877324559
19,0,16,0.72,0.8473933649289099,0.1005586592178771,0.9922308546059934,0.17647058823529413,0.9141104294478527,358,1802,1788,14,322,36,0.8444444444444444,0.5463947569119352,0.5463947569119353
19,0,17,0.7540983606557377,0.8565983801810386,0.13256484149855907,0.9917264202978489,0.22549019607843135,0.9192229038854806,347,1813,1798,15,301,46,0.8537037037037037,0.562145630898204,0.562145630898204
19,0,18,0.7321428571428571,0.8574144486692015,0.12023460410557185,0.9917537108301264,0.20654911838790932,0.9197043079276064,341,1819,1804,15,300,41,0.8541666666666666,0.5559941574678491,0.5559941574678491
19,0,19,0.8043478260869565,0.8561967833491012,0.10850439882697947,0.9950522264980759,0.19121447028423774,0.9204169844902111,341,1819,1810,9,304,37,0.8550925925925926,0.5517783126625276,0.5517783126625276
19,0,20,0.7321428571428571,0.8597908745247148,0.12202380952380952,0.9917763157894737,0.20918367346938774,0.9210794297352342,336,1824,1809,15,295,41,0.8564814814814815,0.5569000626566416,0.5569000626566416
19,0,21,0.7833333333333333,0.8604761904761905,0.13823529411764707,0.9928571428571429,0.235,0.9219387755102041,340,1820,1807,13,293,47,0.8583333333333333,0.565546218487395,0.565546218487395
19,0,22,0.7678571428571429,0.8545627376425855,0.12320916905444126,0.992821645499724,0.2123456790123457,0.9185185185185186,349,1811,1798,13,306,43,0.8523148148148149,0.5580154072770827,0.5580154072770827
19,0,23,0.7719298245614035,0.8606752258678079,0.13056379821958458,0.9928688974218322,0.2233502538071066,0.9220580743759551,337,1823,1810,13,293,44,0.8583333333333333,0.5617163478207083,0.5617163478207083
19,0,24,0.7333333333333333,0.8614285714285714,0.13134328358208955,0.9912328767123287,0.22278481012658227,0.9217834394904458,335,1825,1809,16,291,44,0.8578703703703704,0.5612880801472092,0.5612880801472091
19,0,25,0.7450980392156863,0.8587008060692272,0.1130952380952381,0.9928728070175439,0.19638242894056848,0.9209255021612002,336,1824,1811,13,298,38,0.8560185185185185,0.552984022556391,0.552984022556391
19,0,26,0.6842105263157895,0.8540180694246314,0.11271676300578035,0.9900771775082691,0.19354838709677416,0.917028338013786,346,1814,1796,18,307,39,0.8495370370370371,0.5513969702570247,0.5513969702570247
19,0,27,0.6885245901639344,0.8585040495474036,0.12389380530973451,0.9895661724327293,0.21000000000000002,0.9193877551020407,339,1821,1802,19,297,42,0.8537037037037037,0.5567299888712319,0.5567299888712319
19,0,28,0.7454545454545455,0.8570071258907364,0.11988304093567251,0.9922992299229924,0.20654911838790932,0.9197043079276065,342,1818,1804,14,301,41,0.8541666666666666,0.5560911354293325,0.5560911354293324
19,0,29,0.7735849056603774,0.8523967726625534,0.11647727272727272,0.9933628318584071,0.20246913580246914,0.9174968071519797,352,1808,1796,12,311,41,0.850462962962963,0.5549200522928399,0.5549200522928399
19,0,30,0.711864406779661,0.8572108519752499,0.12280701754385964,0.9906490649064906,0.20947630922693267,0.9191120183720337,342,1818,1801,17,300,42,0.8532407407407407,0.5567280412251752,0.5567280412251752
19,0,31,0.7457627118644068,0.8534031413612565,0.125,0.9917035398230089,0.2141119221411192,0.9173701713993349,352,1808,1793,15,308,44,0.850462962962963,0.5583517699115045,0.5583517699115044
19,0,32,0.6896551724137931,0.8529971455756422,0.11461318051575932,0.9900607399226946,0.19656019656019658,0.9164324048044978,349,1811,1793,18,309,40,0.8486111111111111,0.552336960219227,0.552336960219227
19,0,33,0.7,0.8557142857142858,0.12173913043478261,0.9900826446280991,0.20740740740740743,0.918007662835249,345,1815,1797,18,303,42,0.8513888888888889,0.5559108875314409,0.5559108875314409
19,0,34,0.8148148148148148,0.8504273504273504,0.12256267409470752,0.994447529150472,0.21307506053268763,0.9168159713335039,359,1801,1791,10,315,44,0.8495370370370371,0.5585051016225897,0.5585051016225898
19,0,35,0.7719298245614035,0.8587731811697575,0.12903225806451613,0.9928532160527762,0.22110552763819097,0.9209586945436002,341,1819,1806,13,297,44,0.8564814814814815,0.5609427370586462,0.5609427370586462
19,0,36,0.7096774193548387,0.8579599618684461,0.1286549707602339,0.9900990099009901,0.21782178217821782,0.9193054136874361,342,1818,1800,18,298,44,0.8537037037037037,0.5593769903306121,0.5593769903306121
19,0,37,0.7058823529411765,0.8544333807491702,0.10495626822157435,0.9917446340121079,0.18274111675126903,0.9179826795720836,343,1817,1802,15,307,36,0.850925925925926,0.5483504511168411,0.5483504511168411
19,0,38,0.7169811320754716,0.8538205980066446,0.10982658959537572,0.9917309812568909,0.19047619047619047,0.9176230553430248,346,1814,1799,15,308,38,0.850462962962963,0.5507787854261332,0.5507787854261333
19,0,39,0.7377049180327869,0.8604097189137685,0.13313609467455623,0.991218441273326,0.2255639097744361,0.9211935730680949,338,1822,1806,16,293,45,0.8569444444444444,0.5621772679739411,0.5621772679739412
19,0,40,0.7413793103448276,0.8534728829686014,0.1225071225071225,0.9917081260364843,0.21026894865525672,0.9174124264893889,351,1809,1794,15,308,43,0.850462962962963,0.5571076242718034,0.5571076242718034
19,0,41,0.6716417910447762,0.8585762064022934,0.13196480938416422,0.9879054425508521,0.22058823529411764,0.9187116564417177,341,1819,1797,22,296,45,0.8527777777777777,0.559935125967508,0.5599351259675082
19,0,42,0.7666666666666667,0.8557142857142858,0.1318051575931232,0.9922694643843181,0.22493887530562348,0.9189465609818461,349,1811,1797,14,303,46,0.8532407407407407,0.5620373109887207,0.5620373109887207
19,0,43,0.7636363636363637,0.8546318289786223,0.1206896551724138,0.9928256070640177,0.20843672456575682,0.9185601225427623,348,1812,1799,13,306,42,0.8523148148148149,0.5567576311182157,0.5567576311182157
19,0,44,0.7878787878787878,0.8595988538681948,0.15028901734104047,0.9922822491730982,0.2524271844660194,0.9211873080859775,346,1814,1800,14,294,52,0.8574074074074074,0.5712856332570693,0.5712856332570693
19,0,45,0.6885245901639344,0.857551214864221,0.12316715542521994,0.9895547003848268,0.20895522388059704,0.9188361408882083,341,1819,1800,19,299,42,0.8527777777777777,0.5563609279050233,0.5563609279050235
19,0,46,0.6666666666666666,0.8518518518518519,0.10344827586206896,0.9900662251655629,0.17910447761194032,0.9157733537519142,348,1812,1794,18,312,36,0.8472222222222222,0.5467572505138159,0.546757250513816
19,0,47,0.7142857142857143,0.8550380228136882,0.11594202898550725,0.9911845730027549,0.19950124688279303,0.9180913498341414,345,1815,1799,16,305,40,0.8513888888888889,0.5535633009941311,0.553563300994131
19,0,48,0.6825396825396826,0.8588459704339533,0.12684365781710916,0.9890170236133993,0.2139303482587065,0.919346605410924,339,1821,1801,20,296,43,0.8537037037037037,0.5579303407152543,0.5579303407152542
19,0,49,0.7166666666666667,0.8552380952380952,0.1239193083573487,0.9906232763375621,0.2113022113022113,0.9179657551750575,347,1813,1796,17,304,43,0.8513888888888889,0.5572712923474554,0.5572712923474553
19,0,50,0.7540983606557377,0.8599333015721772,0.13529411764705881,0.9917582417582418,0.22942643391521197,0.9211533554478183,340,1820,1805,15,294,46,0.8569444444444444,0.5635261797026503,0.5635261797026503
19,0,51,0.7358490566037735,0.8580920740389179,0.11538461538461539,0.9923161361141603,0.19948849104859334,0.9203359633494528,338,1822,1808,14,299,39,0.8550925925925926,0.5538503757493879,0.5538503757493879
19,0,52,0.7540983606557377,0.859456884230586,0.1348973607038123,0.9917537108301264,0.2288557213930348,0.9208779989790711,341,1819,1804,15,295,46,0.8564814814814815,0.5633255357669693,0.5633255357669694
19,0,53,0.7647058823529411,0.8520625889046942,0.1111111111111111,0.9933665008291874,0.19402985074626863,0.9173047473200613,351,1809,1797,12,312,39,0.85,0.5522388059701493,0.5522388059701493
19,0,54,0.6666666666666666,0.85924869234427,0.11377245508982035,0.9895947426067908,0.19437340153452684,0.9198269279714939,334,1826,1807,19,296,38,0.8541666666666666,0.5516835988483055,0.5516835988483055
19,0,55,0.71875,0.8544847328244275,0.13105413105413105,0.9900497512437811,0.2216867469879518,0.9172855313700385,351,1809,1791,18,305,46,0.850462962962963,0.5605519411489561,0.5605519411489561
19,0,56,0.6875,0.8587786259541985,0.12941176470588237,0.989010989010989,0.21782178217821782,0.9193054136874362,340,1820,1800,20,296,44,0.8537037037037037,0.5592113768584357,0.5592113768584357
19,0,57,0.7258064516129032,0.8574833174451859,0.1308139534883721,0.9906387665198237,0.22167487684729065,0.9192641798671436,344,1816,1799,17,299,45,0.8537037037037037,0.5607263600040979,0.5607263600040979
19,0,58,0.7758620689655172,0.8534728829686014,0.1274787535410765,0.9928057553956835,0.21897810218978103,0.9178818112049117,353,1807,1794,13,308,45,0.8513888888888889,0.56014225446838,0.5601422544683801
19,0,59,0.8431372549019608,0.8525367472735894,0.12146892655367232,0.9955703211517165,0.2123456790123457,0.9185185185185185,354,1806,1798,8,311,43,0.8523148148148149,0.5585196238526945,0.5585196238526945
19,0,60,0.7272727272727273,0.8565320665083136,0.11695906432748537,0.9917491749174917,0.20151133501259447,0.9191944940096866,342,1818,1803,15,302,40,0.8532407407407407,0.5543541196224886,0.5543541196224885
19,0,61,0.7241379310344828,0.8582302568981922,0.12352941176470589,0.9912087912087912,0.21105527638190955,0.9199388067312595,340,1820,1804,16,298,42,0.8546296296296296,0.5573691014867486,0.5573691014867486
19,0,62,0.7346938775510204,0.8569398389388915,0.10650887573964497,0.9928649835345774,0.186046511627907,0.919908466819222,338,1822,1809,13,302,36,0.8541666666666666,0.5496869296371113,0.5496869296371112
19,0,63,0.6842105263157895,0.8516405135520685,0.1111111111111111,0.9900497512437811,0.19117647058823528,0.9156441717791411,351,1809,1791,18,312,39,0.8472222222222222,0.5505804311774462,0.5505804311774462
19,0,64,0.7115384615384616,0.8548387096774194,0.10787172011661808,0.9917446340121079,0.18734177215189876,0.9182165605095541,343,1817,1802,15,306,37,0.8513888888888889,0.549808177064363,0.549808177064363
19,0,65,0.7049180327868853,0.8589804668889948,0.12684365781710916,0.9901153212520593,0.21500000000000002,0.9198979591836735,339,1821,1803,18,296,43,0.8546296296296296,0.5584794895345843,0.5584794895345842
19,0,66,0.7352941176470589,0.8647227533460803,0.15015015015015015,0.9901477832512315,0.2493765586034913,0.9231946925236029,333,1827,1809,18,283,50,0.8606481481481482,0.5701489667006908,0.5701489667006908
19,0,67,0.7457627118644068,0.8610185625892433,0.13095238095238096,0.9917763157894737,0.2227848101265823,0.9217834394904458,336,1824,1809,15,292,44,0.8578703703703704,0.5613643483709273,0.5613643483709273
19,0,68,0.74,0.8582938388625593,0.11011904761904762,0.9928728070175439,0.19170984455958548,0.9206914082358922,336,1824,1811,13,299,37,0.8555555555555555,0.5514959273182958,0.5514959273182958
19,0,69,0.6666666666666666,0.8605539637058262,0.13095238095238096,0.9879385964912281,0.21890547263681592,0.9198570699336395,336,1824,1802,22,292,44,0.8546296296296296,0.5594454887218046,0.5594454887218046
19,0,70,0.7,0.8585714285714285,0.12389380530973451,0.9901153212520593,0.2105263157894737,0.9196633511859219,339,1821,1803,18,297,42,0.8541666666666666,0.5570045632808969,0.5570045632808969
19,0,71,0.6557377049180327,0.8551691281562649,0.11627906976744186,0.9884361233480177,0.19753086419753085,0.9169859514687102,344,1816,1795,21,304,40,0.8495370370370371,0.5523575965577298,0.5523575965577298
19,0,72,0.7692307692307693,0.8515180265654649,0.11331444759206799,0.9933591588267847,0.19753086419753085,0.9169859514687101,353,1807,1795,12,313,40,0.8495370370370371,0.5533368032094264,0.5533368032094264
19,0,73,0.7543859649122807,0.8563956252971945,0.1246376811594203,0.9922865013774105,0.21393034825870647,0.919346605410924,345,1815,1801,14,302,43,0.8537037037037037,0.5584620912684155,0.5584620912684154
19,0,74,0.6935483870967742,0.8598665395614872,0.12759643916913946,0.9895776193088316,0.21553884711779447,0.9201734251466462,337,1823,1804,19,294,43,0.8550925925925926,0.5585870292389856,0.5585870292389855
19,0,75,0.6949152542372882,0.8600666349357449,0.12238805970149254,0.9901369863013698,0.2081218274111675,0.9205298013245032,335,1825,1807,18,294,41,0.8555555555555555,0.5562625230014312,0.5562625230014312
19,0,76,0.71875,0.8573473282442748,0.13333333333333333,0.9900826446280991,0.22493887530562345,0.918946560981846,345,1815,1797,18,299,46,0.8532407407407407,0.5617079889807163,0.5617079889807163
19,0,77,0.7377049180327869,0.8527870414483087,0.1271186440677966,0.991140642303433,0.21686746987951808,0.9167733674775929,354,1806,1790,16,309,45,0.8495370370370371,0.5591296431856149,0.5591296431856148
19,0,78,0.7037037037037037,0.8599240265906932,0.11411411411411411,0.9912424740010947,0.19638242894056848,0.9209255021612001,333,1827,1811,16,295,38,0.8560185185185185,0.5526782940576044,0.5526782940576044
19,0,79,0.7636363636363637,0.8541567695961996,0.12034383954154727,0.992821645499724,0.2079207920792079,0.9182839632277836,349,1811,1798,13,307,42,0.8518518518518519,0.5565827425206356,0.5565827425206356
19,0,80,0.7857142857142857,0.8507604562737643,0.12290502793296089,0.9933407325194229,0.21256038647342995,0.9165386584741424,358,1802,1790,12,314,44,0.8490740740740741,0.5581228802261918,0.5581228802261919
19,0,81,0.7843137254901961,0.8482693219535324,0.1111111111111111,0.9938888888888889,0.194647201946472,0.9153236121770274,360,1800,1789,11,320,40,0.8467592592592592,0.5525000000000001,0.5525
19,0,82,0.7796610169491526,0.8600666349357449,0.13529411764705881,0.9928571428571429,0.23057644110275688,0.9217036470288191,340,1820,1807,13,294,46,0.8578703703703704,0.5640756302521008,0.5640756302521008
19,0,83,0.7358490566037735,0.8580920740389179,0.11538461538461539,0.9923161361141603,0.19948849104859334,0.9203359633494528,338,1822,1808,14,299,39,0.8550925925925926,0.5538503757493879,0.5538503757493879
19,0,84,0.7222222222222222,0.8575498575498576,0.11504424778761062,0.9917627677100495,0.19847328244274812,0.9197860962566845,339,1821,1806,15,300,39,0.8541666666666666,0.5534035077488301,0.55340350774883
19,0,85,0.746031746031746,0.8531235097758703,0.1323943661971831,0.9911357340720222,0.22488038277511957,0.9169656586365966,355,1805,1789,16,308,47,0.85,0.5617650501346027,0.5617650501346027
19,0,86,0.7719298245614035,0.8559201141226819,0.12680115273775217,0.9928295642581357,0.21782178217821782,0.9193054136874362,347,1813,1800,13,303,44,0.8537037037037037,0.559815358497944,0.559815358497944
19,0,87,0.7719298245614035,0.8549690917736567,0.12607449856733524,0.992821645499724,0.2167487684729064,0.9187531936637711,349,1811,1798,13,305,44,0.8527777777777777,0.5594480720335295,0.5594480720335295
19,0,88,0.6949152542372882,0.8567348881485007,0.11988304093567251,0.9900990099009901,0.20448877805486282,0.9186016841030875,342,1818,1800,18,301,41,0.8523148148148149,0.5549910254183313,0.5549910254183312
19,0,89,0.7413793103448276,0.8558515699333967,0.12427745664739884,0.9917309812568909,0.21287128712871284,0.9187946884576097,346,1814,1799,15,303,43,0.8527777777777777,0.5580042189521448,0.5580042189521448
19,0,90,0.7538461538461538,0.8587112171837709,0.14202898550724638,0.9911845730027549,0.23902439024390243,0.9202046035805627,345,1815,1799,16,296,49,0.8555555555555555,0.5666067792550006,0.5666067792550007
19,0,91,0.6885245901639344,0.8570747975226298,0.12280701754385964,0.9895489548954896,0.2084367245657568,0.9185601225427622,342,1818,1799,19,300,42,0.8523148148148149,0.5561779862196745,0.5561779862196746
19,0,92,0.7454545454545455,0.860332541567696,0.12238805970149254,0.9923287671232877,0.21025641025641023,0.9216284987277353,335,1825,1811,14,294,41,0.8574074074074074,0.5573584134123901,0.5573584134123901
19,0,93,0.7894736842105263,0.8530670470756063,0.1271186440677966,0.9933554817275747,0.218978102189781,0.9178818112049117,354,1806,1794,12,309,45,0.8513888888888889,0.5602370628976857,0.5602370628976856
19,0,94,0.7543859649122807,0.8611507370423205,0.12835820895522387,0.9923287671232877,0.2193877551020408,0.9220977596741345,335,1825,1811,14,292,43,0.8583333333333333,0.5603434880392557,0.5603434880392557
19,0,95,0.7258064516129032,0.8589132507149666,0.13196480938416422,0.9906542056074766,0.22332506203473945,0.9200919070717386,341,1819,1802,17,296,45,0.8550925925925926,0.5613095074958203,0.5613095074958204
19,0,96,0.7857142857142857,0.8564638783269962,0.12716763005780346,0.9933847850055126,0.21890547263681592,0.9198570699336397,346,1814,1802,12,302,44,0.8546296296296296,0.5602762075316581,0.5602762075316581
19,0,97,0.703125,0.8573473282442748,0.1308139534883721,0.9895374449339207,0.22058823529411767,0.9187116564417179,344,1816,1797,19,299,45,0.8527777777777777,0.5601756992111464,0.5601756992111464
19,0,98,0.7666666666666667,0.8585714285714285,0.13411078717201166,0.992294991744634,0.22828784119106701,0.9206025019147307,343,1817,1803,14,297,46,0.8560185185185185,0.5632028894583229,0.5632028894583228
19,0,99,0.6896551724137931,0.8529971455756422,0.11461318051575932,0.9900607399226946,0.19656019656019658,0.9164324048044978,349,1811,1793,18,309,40,0.8486111111111111,0.552336960219227,0.552336960219227
